-63.7236 20.0092 48.4931 0.107117 0.592773
-62.9154 20.0092 48.2485 0.108948 0.599121
-63.2707 20.0092 48.946 0.10376 0.596191
-62.9154 20.0092 42.6184 0.150635 0.599121
-62.9154 20.0092 48.2485 0.108948 0.599121
-63.7235 20.0092 42.6184 0.150635 0.592773
-57.8217 20.0092 48.2485 0.108948 0.636719
-57.8217 20.0092 48.946 0.10376 0.636719
-62.9154 20.0092 48.2485 0.108948 0.599121
-56.0418 11.0267 -31.0299 0.251221 0.591309
-50.9708 11.0267 -31.0299 0.268311 0.591309
-50.9708 98.3188 -31.0299 0.268311 0.991699
-50.9708 98.3188 -31.0299 0.268311 0.991699
-56.0418 98.3188 -31.0299 0.251221 0.991699
-56.0418 11.0267 -31.0299 0.251221 0.591309
-50.9708 98.3188 -31.0299 0.273438 0.991699
-50.9708 11.0267 -31.0299 0.273438 0.69873
-50.9708 98.3188 -19.2767 0.312988 0.991699
-56.0418 98.3188 -31.0299 0.361084 0.727539
-50.9708 98.3188 -31.0299 0.378174 0.727539
-50.9708 98.3188 -19.2767 0.378174 0.76709
-56.0418 11.0267 -31.0299 0.363281 0.94043
-56.0418 11.0267 -19.2767 0.363281 0.900879
-50.9708 11.0267 -31.0299 0.380371 0.94043
-56.0418 11.0267 28.8281 0.251221 0.591309
-50.9708 11.0267 28.8281 0.268311 0.591309
-50.9708 98.3188 28.8281 0.268311 0.991699
-50.9708 98.3188 28.8281 0.268311 0.991699
-56.0418 98.3188 28.8281 0.251221 0.991699
-56.0418 11.0267 28.8281 0.251221 0.591309
-50.9708 98.3188 28.8281 0.273438 0.991699
-50.9708 11.0267 28.8281 0.273438 0.69873
-50.9708 98.3188 40.5812 0.312988 0.991699
-56.0418 98.3188 28.8281 0.361084 0.727539
-50.9708 98.3188 28.8281 0.378174 0.727539
-50.9708 98.3188 40.5812 0.378174 0.76709
-58.0506 11.4267 -38.1706 0.110352 0.73291
-58.0506 20.1194 -38.1706 0.174683 0.73291
-58.0506 11.4267 -38.8683 0.110352 0.738281
-63.5009 20.1194 -38.8683 0.103577 0.830566
-58.0506 20.1194 -38.8683 0.103577 0.790039
-63.1455 20.1194 -38.1706 0.108704 0.827637
-63.9538 20.1194 -38.4153 0.106934 0.833984
-63.1455 20.1194 -38.1706 0.108704 0.827637
-63.9538 20.1194 -32.5392 0.150391 0.833984
-63.1455 11.4267 -32.5392 0.150635 0.724609
-63.1455 11.4267 -38.1706 0.108948 0.724609
-63.9538 11.4267 -32.5392 0.150635 0.71875
-57.8217 20.0092 48.2485 0.110352 0.607422
-57.8217 11.3186 48.2485 0.174683 0.607422
-57.8217 20.0092 48.946 0.110352 0.612305
-57.8217 11.3186 48.2485 0.108704 0.664551
-62.9154 11.3186 48.2485 0.108704 0.702148
-57.8217 11.3186 48.946 0.103577 0.664551
-62.9154 11.3186 48.2485 0.108704 0.702148
-63.7236 11.3186 48.4931 0.106934 0.708496
-63.2707 11.3186 48.946 0.103577 0.705078
-62.9154 96.5264 42.6184 0.110352 0.606445
-63.7235 96.5264 42.6184 0.110352 0.600586
-62.9154 87.8358 42.6184 0.174683 0.606445
-57.8217 96.5264 48.2485 0.110352 0.607422
-57.8217 87.8358 48.2485 0.174683 0.607422
-57.8217 96.5264 48.946 0.110352 0.612305
-63.1455 88.4142 -32.5392 0.110352 0.731934
-63.9538 88.4142 -32.5392 0.110352 0.726074
-63.1455 97.1069 -32.5392 0.174683 0.731934
-63.1455 97.1069 -38.1706 0.108704 0.827637
-63.9538 97.1069 -38.4153 0.106934 0.833984
-63.5009 97.1069 -38.8683 0.103577 0.830566
-63.9538 97.1069 -32.5392 0.150391 0.833984
-63.1455 97.1069 -38.1706 0.108704 0.827637
-63.1455 97.1069 -32.5392 0.150391 0.827637
-56.7454 10.1724 -38.1751 0.705078 0.914551
-56.7454 10.1724 48.3256 0.995117 0.914551
-56.7454 0 -38.1751 0.705078 0.94873
-46.1549 10.1724 -38.1751 0.13208 0.582031
-46.1549 10.1724 48.3256 0.13208 0.29248
-56.7454 10.1724 -38.1751 0.16748 0.582031
-56.7454 0 -38.1751 0.397949 0.85791
-46.1549 0 -38.1751 0.397949 0.893555
-56.7454 10.1724 -38.1751 0.364014 0.85791
69.5428 11.4267 -33.3193 0.110352 0.738281
68.8452 11.4267 -33.3193 0.110352 0.73291
68.8452 20.1194 -33.3193 0.174683 0.73291
63.4442 87.8358 47.925 0.174683 0.606445
63.4442 96.5264 48.7331 0.110352 0.600586
63.4442 87.8358 48.7331 0.174683 0.600586
68.8494 87.1838 48.25 0.258789 0.362061
68.8494 20.9624 48.25 0.258789 0.583984
58.2588 87.1838 48.25 0.223267 0.362061
58.2588 20.9624 43.1791 0.267822 0.58252
58.2588 87.1838 43.1791 0.267822 0.360596
58.2588 20.9624 48.25 0.284668 0.58252
68.8494 87.1838 43.1791 0.771484 0.788574
58.2588 87.1838 43.1791 0.771484 0.75293
58.2588 20.9624 43.1791 0.993652 0.75293
58.2588 87.1838 43.1791 0.401855 0.726562
68.8494 87.1838 43.1791 0.401855 0.762207
58.2588 87.1838 48.25 0.38501 0.726562
-63.5968 10.2707 -33.2379 0.258789 0.583984
-63.5968 20.8612 -33.2379 0.223267 0.583984
69.326 20.8612 -33.2379 0.223267 0.13855
69.326 10.2707 -33.2379 0.258789 0.13855
-63.5968 10.2707 -33.2379 0.258789 0.583984
69.326 20.8612 -33.2379 0.223267 0.13855
-63.5968 20.8612 -38.3088 0.267822 0.58252
69.326 20.8612 -38.3088 0.267822 0.00607699
-63.5968 20.8612 -33.2379 0.284668 0.58252
69.326 20.8612 -38.3088 0.547852 0.75293
-63.5968 20.8612 -38.3088 0.993652 0.75293
69.326 10.2707 -38.3088 0.547852 0.788574
69.326 20.8612 -38.3088 0.401855 0.726562
69.326 10.2707 -38.3088 0.401855 0.762207
69.326 20.8612 -33.2379 0.38501 0.726562
-52.6253 87.1838 43.1791 0.772949 0.841797
-52.6253 20.9624 43.1791 0.995117 0.841797
-52.6253 87.1838 48.25 0.772949 0.858887
-63.2158 20.9624 48.25 0.223267 0.583984
-63.2158 87.1838 48.25 0.223267 0.362061
-52.6253 20.9624 48.25 0.258789 0.583984
-63.2158 20.9624 43.1791 0.267822 0.58252
-63.2158 87.1838 43.1791 0.267822 0.360596
-63.2158 20.9624 48.25 0.284668 0.58252
-52.6253 87.1838 43.1791 0.771484 0.788574
-63.2158 87.1838 43.1791 0.771484 0.75293
-63.2158 20.9624 43.1791 0.993652 0.75293
-52.6253 87.1838 43.1791 0.401855 0.762207
-52.6253 87.1838 48.25 0.38501 0.762207
-63.2158 87.1838 48.25 0.38501 0.726562
-63.2158 87.1838 43.1791 0.401855 0.726562
-52.6253 87.1838 43.1791 0.401855 0.762207
-63.2158 87.1838 48.25 0.38501 0.726562
-52.6253 20.9624 43.1791 0.382568 0.774414
-63.2158 20.9624 43.1791 0.382568 0.80957
-52.6253 20.9624 48.25 0.365479 0.774414
61.5997 98.0346 -33.3285 0.691895 0.319336
-56.2636 98.0346 -33.3285 0.691895 0.714355
61.5997 10.4908 -33.3285 0.398193 0.319336
61.5997 10.4908 -33.3285 0.34668 0.69873
61.5997 10.4908 -31.2773 0.353516 0.69873
61.5997 98.0346 -31.2773 0.353516 0.992187
-56.2636 10.4908 -33.3285 0.235107 0.989746
-56.2636 98.0346 -33.3285 0.235107 0.696289
-56.2636 10.4908 -31.2773 0.242065 0.989746
-63.2222 10.2707 -32.9694 0.995117 0.858887
-63.2222 10.2707 43.1471 0.739746 0.858887
-58.1512 10.2707 -32.9694 0.995117 0.841797
-63.2222 20.8612 -32.9694 0.223267 0.583984
-63.2222 20.8612 43.1471 0.223267 0.329102
-63.2222 10.2707 -32.9694 0.258789 0.583984
-63.2222 20.8612 43.1471 0.284668 0.327393
-63.2222 20.8612 -32.9694 0.284668 0.58252
-58.1512 20.8612 43.1471 0.267822 0.327393
-58.1512 20.8612 -32.9694 0.267822 0.58252
-58.1512 20.8612 43.1471 0.267822 0.327393
-63.2222 20.8612 -32.9694 0.284668 0.58252
-58.1512 10.2707 -32.9694 0.993652 0.788574
-58.1512 10.2707 43.1471 0.738281 0.788574
-58.1512 20.8612 -32.9694 0.993652 0.75293
-2.95319 10.1724 -38.1751 0.13208 0.29248
7.63733 10.1724 -38.1751 0.16748 0.29248
7.63733 10.1724 48.3256 0.16748 0.582031
-2.95319 10.1724 48.3256 0.703125 0.991699
-2.95319 0 48.3256 0.703125 0.95752
-2.95319 0 -38.1751 0.993164 0.95752
7.63733 0 -38.1751 0.177612 0.29248
-2.95319 0 -38.1751 0.213135 0.29248
-2.95319 0 48.3256 0.213135 0.58252
-2.95319 0 48.3256 0.397949 0.893555
-2.95319 10.1724 48.3256 0.364014 0.893555
7.63733 10.1724 48.3256 0.364014 0.85791
69.0812 10.2707 43.1471 0.739746 0.841797
69.0812 10.2707 -32.9694 0.995117 0.841797
64.0102 10.2707 43.1471 0.739746 0.858887
64.0102 10.2707 -32.9694 0.995117 0.858887
64.0102 10.2707 43.1471 0.739746 0.858887
69.0812 10.2707 -32.9694 0.995117 0.841797
64.0102 20.8612 -32.9694 0.223267 0.583984
64.0102 20.8612 43.1471 0.223267 0.329102
64.0102 10.2707 -32.9694 0.258789 0.583984
69.0812 10.2707 -32.9694 0.993652 0.788574
69.0812 10.2707 43.1471 0.738281 0.788574
69.0812 20.8612 -32.9694 0.993652 0.75293
64.0102 10.2707 43.1471 0.38501 0.762207
64.0102 20.8612 43.1471 0.38501 0.726562
69.0812 10.2707 43.1471 0.401855 0.762207
-63.1312 87.3241 43.1791 0.995117 0.841797
-63.1312 87.3241 48.25 0.995117 0.858887
69.326 87.3241 48.25 0.418701 0.858887
69.326 87.3241 43.1791 0.418701 0.841797
-63.1312 87.3241 43.1791 0.995117 0.841797
69.326 87.3241 48.25 0.418701 0.858887
69.326 87.3241 48.25 0.258789 0.140137
-63.1312 87.3241 48.25 0.258789 0.583984
69.326 97.9146 48.25 0.223267 0.140137
69.326 97.9146 43.1791 0.549316 0.75293
-63.1312 97.9146 43.1791 0.993652 0.75293
69.326 87.3241 43.1791 0.549316 0.788574
-63.1312 97.9146 43.1791 0.382568 0.80957
-63.1312 97.9146 48.25 0.365479 0.80957
-63.1312 87.3241 48.25 0.365479 0.774414
-63.5968 87.3241 -38.3088 0.995117 0.841797
-63.5968 87.3241 -33.2379 0.995117 0.858887
69.326 87.3241 -33.2379 0.418701 0.858887
69.326 87.3241 -38.3088 0.418701 0.841797
-63.5968 87.3241 -38.3088 0.995117 0.841797
69.326 87.3241 -33.2379 0.418701 0.858887
69.326 87.3241 -33.2379 0.258789 0.13855
-63.5968 87.3241 -33.2379 0.258789 0.583984
69.326 97.9146 -33.2379 0.223267 0.13855
69.326 97.9146 -38.3088 0.547852 0.75293
-63.5968 97.9146 -38.3088 0.993652 0.75293
69.326 87.3241 -38.3088 0.547852 0.788574
69.326 97.9146 -38.3088 0.401855 0.726562
69.326 87.3241 -38.3088 0.401855 0.762207
69.326 97.9146 -33.2379 0.38501 0.726562
-58.1512 87.3241 43.1471 0.739746 0.841797
-58.1512 87.3241 -32.9694 0.995117 0.841797
-63.2222 87.3241 43.1471 0.739746 0.858887
-63.2222 87.3241 -32.9694 0.995117 0.858887
-63.2222 87.3241 43.1471 0.739746 0.858887
-58.1512 87.3241 -32.9694 0.995117 0.841797
-63.2222 97.9146 -32.9694 0.223267 0.583984
-63.2222 97.9146 43.1471 0.223267 0.329102
-63.2222 87.3241 -32.9694 0.258789 0.583984
-58.1512 87.3241 -32.9694 0.993652 0.788574
-58.1512 87.3241 43.1471 0.738281 0.788574
-58.1512 97.9146 -32.9694 0.993652 0.75293
-63.2222 87.3241 43.1471 0.38501 0.762207
-63.2222 97.9146 43.1471 0.38501 0.726562
-58.1512 87.3241 43.1471 0.401855 0.762207
-63.2222 97.9146 -32.9694 0.365479 0.80957
-63.2222 87.3241 -32.9694 0.365479 0.774414
-58.1512 97.9146 -32.9694 0.382568 0.80957
64.0102 87.3241 -32.9694 0.995117 0.858887
64.0102 87.3241 43.1471 0.739746 0.858887
69.0812 87.3241 -32.9694 0.995117 0.841797
69.0812 97.9146 -32.9694 0.267822 0.58252
69.0812 97.9146 43.1471 0.267822 0.327393
64.0102 97.9146 -32.9694 0.284668 0.58252
69.0812 87.3241 -32.9694 0.993652 0.788574
69.0812 87.3241 43.1471 0.738281 0.788574
69.0812 97.9146 -32.9694 0.993652 0.75293
64.0102 87.3241 43.1471 0.38501 0.762207
64.0102 97.9146 43.1471 0.38501 0.726562
69.0812 87.3241 43.1471 0.401855 0.762207
64.0102 97.9146 -32.9694 0.365479 0.80957
64.0102 87.3241 -32.9694 0.365479 0.774414
69.0812 97.9146 -32.9694 0.382568 0.80957
61.6738 10.4908 -32.8133 0.381592 0.715332
61.6738 10.4908 43.3808 0.381592 0.00568801
63.725 10.4908 -32.8133 0.388428 0.715332
61.6738 98.0346 -32.8133 0.700195 0.71582
61.6738 98.0346 43.3808 0.700195 0.460205
61.6738 10.4908 -32.8133 0.993652 0.71582
63.725 10.4908 -32.8133 0.398193 0.714355
63.725 10.4908 43.3808 0.398193 0.458984
63.725 98.0346 -32.8133 0.691895 0.714355
61.6738 10.4908 43.3808 0.353516 0.69873
61.6738 98.0346 43.3808 0.353516 0.992187
63.725 10.4908 43.3808 0.34668 0.69873
61.6738 98.0346 -32.8133 0.242065 0.696289
61.6738 10.4908 -32.8133 0.242065 0.989746
63.725 98.0346 -32.8133 0.235107 0.696289
69.326 10.2707 43.1791 0.418701 0.841797
-63.1312 10.2707 43.1791 0.995117 0.841797
69.326 10.2707 48.25 0.418701 0.858887
-63.1312 20.8612 43.1791 0.267822 0.58252
69.326 20.8612 43.1791 0.267822 0.00607699
-63.1312 20.8612 48.25 0.284668 0.58252
69.326 20.8612 43.1791 0.549316 0.75293
-63.1312 20.8612 43.1791 0.993652 0.75293
69.326 10.2707 43.1791 0.549316 0.788574
69.326 20.8612 43.1791 0.401855 0.726562
69.326 10.2707 43.1791 0.401855 0.762207
69.326 20.8612 48.25 0.38501 0.726562
52.5743 0 48.3256 0.995117 0.94873
52.5743 0 -38.1751 0.705078 0.94873
52.5743 10.1724 48.3256 0.995117 0.914551
52.5743 10.1724 -38.1751 0.705078 0.914551
52.5743 10.1724 48.3256 0.995117 0.914551
52.5743 0 -38.1751 0.705078 0.94873
63.1648 10.1724 -38.1751 0.13208 0.582031
63.1648 10.1724 48.3256 0.13208 0.29248
52.5743 10.1724 -38.1751 0.16748 0.582031
52.5743 0 -38.1751 0.177612 0.58252
52.5743 0 48.3256 0.177612 0.29248
63.1648 0 -38.1751 0.213135 0.58252
63.1648 0 48.3256 0.397217 0.95166
52.5743 0 48.3256 0.397217 0.986816
63.1648 10.1724 48.3256 0.363281 0.95166
63.2138 88.4142 -38.4141 0.110352 0.731934
63.2138 88.4142 -39.2225 0.110352 0.726074
63.2138 97.1069 -38.4141 0.174683 0.731934
63.2138 97.1069 -39.2225 0.174683 0.726074
63.2138 97.1069 -38.4141 0.174683 0.731934
63.2138 88.4142 -39.2225 0.110352 0.726074
69.5428 88.4142 -33.3193 0.110352 0.738281
68.8452 88.4142 -33.3193 0.110352 0.73291
68.8452 97.1069 -33.3193 0.174683 0.73291
69.7717 20.0092 42.8313 0.110352 0.612305
69.0742 20.0092 42.8313 0.110352 0.607422
69.0742 11.3186 42.8313 0.174683 0.607422
69.0742 11.3186 47.925 0.108704 0.702148
63.4442 11.3186 48.7331 0.150391 0.708496
69.3189 11.3186 48.7331 0.106934 0.708496
63.9151 87.1369 -33.3105 0.996582 0.866699
68.9861 87.1369 -33.3105 0.996582 0.883789
68.9861 31.8953 43.1009 0.680664 0.883789
63.9151 76.5464 -33.3105 0.294922 0.280762
63.9151 87.1369 -33.3105 0.330322 0.258789
63.9151 31.8953 43.1009 0.330322 0.583008
68.9861 87.1369 -33.3105 0.67041 0.833496
68.9861 76.5464 -33.3105 0.692383 0.79834
68.9861 31.8953 43.1009 0.994629 0.833496
63.9151 87.1369 -33.3105 0.387207 0.935059
63.9151 76.5464 -33.3105 0.387207 0.899414
68.9861 87.1369 -33.3105 0.404297 0.935059
63.9151 21.3048 43.1009 0.364502 0.853516
63.9151 31.8953 43.1009 0.364502 0.817871
68.9861 21.3048 43.1009 0.381348 0.853516
-52.4774 31.8953 -38.3625 0.420166 0.866699
58.3805 87.1369 -38.3625 0.996582 0.866699
-52.4774 31.8953 -33.2915 0.420166 0.883789
58.3805 87.1369 -38.3625 0.330322 0.160767
-52.4774 31.8953 -38.3625 0.330322 0.583008
58.3805 76.5464 -38.3625 0.294922 0.177124
-52.4774 21.3048 -33.2915 0.994629 0.79834
-52.4774 31.8953 -33.2915 0.994629 0.833496
58.3805 76.5464 -33.2915 0.588379 0.79834
58.3805 87.1369 -38.3625 0.387207 0.935059
58.3805 76.5464 -38.3625 0.387207 0.899414
58.3805 87.1369 -33.2915 0.404297 0.935059
-52.4774 21.3048 -38.3625 0.364502 0.853516
-52.4774 31.8953 -38.3625 0.364502 0.817871
-52.4774 21.3048 -33.2915 0.381348 0.853516
-52.4774 31.8953 42.9047 0.420166 0.866699
58.3805 87.1369 42.9047 0.996582 0.866699
-52.4774 31.8953 47.9757 0.420166 0.883789
58.3805 87.1369 42.9047 0.330322 0.160767
-52.4774 31.8953 42.9047 0.330322 0.583008
58.3805 76.5464 42.9047 0.294922 0.177124
-52.4774 21.3048 47.9757 0.994629 0.79834
-52.4774 31.8953 47.9757 0.994629 0.833496
58.3805 76.5464 47.9757 0.588379 0.79834
58.3805 87.1369 42.9047 0.387207 0.935059
58.3805 76.5464 42.9047 0.387207 0.899414
58.3805 87.1369 47.9757 0.404297 0.935059
-52.4774 21.3048 42.9047 0.364502 0.853516
-52.4774 31.8953 42.9047 0.364502 0.817871
-52.4774 21.3048 47.9757 0.381348 0.853516
56.4673 98.3188 28.8281 0.226807 0.991699
56.4673 98.3188 40.5812 0.187378 0.991699
56.4673 11.0267 40.5812 0.187378 0.69873
56.4673 11.0267 28.8281 0.226807 0.69873
56.4673 98.3188 28.8281 0.226807 0.991699
56.4673 11.0267 40.5812 0.187378 0.69873
61.5383 98.3188 28.8281 0.268311 0.991699
56.4673 98.3188 28.8281 0.251221 0.991699
56.4673 11.0267 28.8281 0.251221 0.591309
56.4673 98.3188 28.8281 0.361084 0.727539
61.5383 98.3188 28.8281 0.378174 0.727539
61.5383 98.3188 40.5812 0.378174 0.76709
56.4673 11.0267 28.8281 0.363281 0.94043
56.4673 11.0267 40.5812 0.363281 0.900879
61.5383 11.0267 28.8281 0.380371 0.94043
-52.6253 87.1838 -38.49 0.772949 0.841797
-52.6253 20.9624 -38.49 0.995117 0.841797
-52.6253 87.1838 -33.419 0.772949 0.858887
-63.2158 20.9624 -33.419 0.223267 0.583984
-63.2158 87.1838 -33.419 0.223267 0.362061
-52.6253 20.9624 -33.419 0.258789 0.583984
-52.6253 87.1838 -38.49 0.771484 0.788574
-63.2158 87.1838 -38.49 0.771484 0.75293
-63.2158 20.9624 -38.49 0.993652 0.75293
-63.2158 87.1838 -38.49 0.401855 0.726562
-52.6253 87.1838 -38.49 0.401855 0.762207
-63.2158 87.1838 -33.419 0.38501 0.726562
-52.6253 20.9624 -38.49 0.382568 0.774414
-63.2158 20.9624 -38.49 0.382568 0.80957
-52.6253 20.9624 -33.419 0.365479 0.774414
68.8494 87.1838 -38.49 0.772949 0.841797
68.8494 20.9624 -38.49 0.995117 0.841797
68.8494 87.1838 -33.419 0.772949 0.858887
68.8494 87.1838 -33.419 0.258789 0.362061
68.8494 20.9624 -33.419 0.258789 0.583984
58.2588 87.1838 -33.419 0.223267 0.362061
58.2588 20.9624 -33.419 0.223267 0.583984
58.2588 87.1838 -33.419 0.223267 0.362061
68.8494 20.9624 -33.419 0.258789 0.583984
58.2588 20.9624 -38.49 0.267822 0.58252
58.2588 87.1838 -38.49 0.267822 0.360596
58.2588 20.9624 -33.419 0.284668 0.58252
-56.3712 10.8645 -32.8133 0.381592 0.715332
-56.3712 10.8645 43.3808 0.381592 0.00568801
-56.3712 8.81325 -32.8133 0.388428 0.715332
-56.3712 10.8645 43.3808 0.993652 0.529297
-56.3712 10.8645 -32.8133 0.993652 0.71582
63.7239 10.8645 43.3808 0.700195 0.529297
63.7239 8.81325 -32.8133 0.364258 0.715332
63.7239 8.81325 43.3808 0.364258 0.00544399
63.7239 10.8645 -32.8133 0.371094 0.715332
-56.3712 8.81325 -32.8133 0.398193 0.714355
-56.3712 8.81325 43.3808 0.398193 0.52832
63.7239 8.81325 -32.8133 0.691895 0.714355
63.7239 8.81325 43.3808 0.34668 0.992187
-56.3712 8.81325 43.3808 0.34668 0.69873
63.7239 10.8645 43.3808 0.353516 0.992187
-56.3712 10.8645 -32.8133 0.242065 0.989746
-56.3712 8.81325 -32.8133 0.235107 0.989746
63.7239 8.81325 -32.8133 0.235107 0.696289
63.7239 10.8645 -32.8133 0.242065 0.696289
-56.3712 10.8645 -32.8133 0.242065 0.989746
63.7239 8.81325 -32.8133 0.235107 0.696289
61.529 10.4908 41.2187 0.388428 0.00568801
-56.3469 10.4908 41.2187 0.388428 0.715332
61.529 10.4908 43.27 0.381592 0.00568801
61.529 98.0346 41.2187 0.34668 0.992187
61.529 10.4908 41.2187 0.34668 0.69873
61.529 98.0346 43.27 0.353516 0.992187
-56.3469 98.0346 41.2187 0.235107 0.696289
-56.3469 98.0346 43.27 0.242065 0.696289
-56.3469 10.4908 43.27 0.242065 0.989746
56.4673 11.0267 -19.2767 0.337646 0.592773
56.4673 98.3188 -19.2767 0.337646 0.993164
61.5383 11.0267 -19.2767 0.320557 0.592773
56.4673 11.0267 -31.0299 0.226807 0.69873
56.4673 98.3188 -31.0299 0.226807 0.991699
56.4673 11.0267 -19.2767 0.187378 0.69873
61.5383 98.3188 -31.0299 0.268311 0.991699
56.4673 98.3188 -31.0299 0.251221 0.991699
56.4673 11.0267 -31.0299 0.251221 0.591309
61.5383 98.3188 -19.2767 0.378174 0.76709
56.4673 98.3188 -19.2767 0.361084 0.76709
56.4673 98.3188 -31.0299 0.361084 0.727539
61.5383 11.0267 -19.2767 0.380371 0.900879
61.5383 11.0267 -31.0299 0.380371 0.94043
56.4673 11.0267 -19.2767 0.363281 0.900879
-58.4338 10.4908 -32.8133 0.381592 0.715332
-58.4338 10.4908 43.3808 0.381592 0.00568801
-56.3826 10.4908 -32.8133 0.388428 0.715332
-58.4338 98.0346 -32.8133 0.700195 0.71582
-58.4338 98.0346 43.3808 0.700195 0.460205
-58.4338 10.4908 -32.8133 0.993652 0.71582
-56.3826 98.0346 -32.8133 0.364258 0.715332
-56.3826 98.0346 43.3808 0.364258 0.00544399
-58.4338 98.0346 -32.8133 0.371094 0.715332
-58.4338 10.4908 43.3808 0.353516 0.69873
-58.4338 98.0346 43.3808 0.353516 0.992187
-56.3826 10.4908 43.3808 0.34668 0.69873
-58.4338 98.0346 -32.8133 0.242065 0.696289
-58.4338 10.4908 -32.8133 0.242065 0.989746
-56.3826 98.0346 -32.8133 0.235107 0.696289
-62.974 87.1369 -33.3075 0.996582 0.866699
-57.903 87.1369 -33.3075 0.996582 0.883789
-57.903 31.8953 43.0098 0.680664 0.883789
-62.974 76.5464 -33.3075 0.294922 0.281006
-62.974 87.1369 -33.3075 0.330322 0.259033
-62.974 31.8953 43.0098 0.330322 0.583008
-57.903 76.5464 -33.3075 0.339355 0.266846
-62.974 76.5464 -33.3075 0.356445 0.266846
-62.974 21.3048 43.0098 0.356445 0.58252
-62.974 87.1369 -33.3075 0.387207 0.935059
-62.974 76.5464 -33.3075 0.387207 0.899414
-57.903 87.1369 -33.3075 0.404297 0.935059
-62.974 21.3048 43.0098 0.364502 0.853516
-62.974 31.8953 43.0098 0.364502 0.817871
-57.903 21.3048 43.0098 0.381348 0.853516
5.90207 103.015 -27.7637 0.409668 0.744141
5.90207 97.9435 -27.7637 0.409668 0.727051
5.90207 97.9435 38.1367 0.98584 0.727051
-4.68845 103.015 -27.7637 0.088623 0.361328
5.90207 103.015 -27.7637 0.124084 0.361328
5.90207 103.015 38.1367 0.124084 0.582031
-4.68845 97.9435 -27.7637 0.996582 0.890625
-4.68845 103.015 -27.7637 0.996582 0.907715
-4.68845 103.015 38.1367 0.42041 0.907715
-4.68845 97.9435 38.1367 0.406006 0.854004
-4.68845 103.015 38.1367 0.388916 0.854004
5.90207 103.015 38.1367 0.388916 0.818359
5.90207 97.9435 38.1367 0.406006 0.818359
-4.68845 97.9435 38.1367 0.406006 0.854004
5.90207 103.015 38.1367 0.388916 0.818359
69.326 103.349 38.0856 0.388672 0.767578
69.326 98.2784 38.0856 0.405762 0.767578
69.326 98.2784 48.6761 0.405762 0.803223
-52.8607 97.9435 38.2014 0.98584 0.727051
-52.8607 103.015 38.2014 0.98584 0.744141
-52.8607 103.015 -27.8119 0.409668 0.744141
-52.8607 103.015 38.2014 0.124084 0.582031
-63.4512 103.015 38.2014 0.088623 0.582031
-63.4512 103.015 -27.8119 0.088623 0.361084
-63.4512 103.015 -27.8119 0.088623 0.361084
-52.8607 103.015 -27.8119 0.124084 0.361084
-52.8607 103.015 38.2014 0.124084 0.582031
-63.4512 97.9435 -27.8119 0.996582 0.890625
-63.4512 103.015 -27.8119 0.996582 0.907715
-63.4512 103.015 38.2014 0.42041 0.907715
-52.8607 103.015 -27.8119 0.388672 0.803223
-63.4512 103.015 -27.8119 0.388672 0.767578
-52.8607 97.9435 -27.8119 0.405762 0.803223
69.1541 98.2784 38.2014 0.98584 0.727051
69.1541 103.349 38.2014 0.98584 0.744141
69.1541 103.349 -27.9422 0.409668 0.744141
69.1541 103.349 38.2014 0.124084 0.582031
58.5635 103.349 38.2014 0.088623 0.582031
58.5635 103.349 -27.9422 0.088623 0.360596
58.5635 103.349 -27.9422 0.088623 0.360596
69.1541 103.349 -27.9422 0.124084 0.360596
69.1541 103.349 38.2014 0.124084 0.582031
58.5635 98.2784 -27.9422 0.996582 0.890625
58.5635 103.349 -27.9422 0.996582 0.907715
58.5635 103.349 38.2014 0.42041 0.907715
69.1541 103.349 -27.9422 0.388672 0.803223
58.5635 103.349 -27.9422 0.388672 0.767578
69.1541 98.2784 -27.9422 0.405762 0.803223
69.1541 98.2784 38.2014 0.406006 0.818359
58.5635 98.2784 38.2014 0.406006 0.854004
69.1541 103.349 38.2014 0.388916 0.818359
69.326 103.349 -38.6557 0.388672 0.767578
69.326 98.2784 -38.6557 0.405762 0.767578
69.326 98.2784 -28.0651 0.405762 0.803223
-63.5968 103.015 -38.6557 0.388916 0.854004
-63.5968 103.015 -28.0651 0.388916 0.818359
-63.5968 97.9435 -38.6557 0.406006 0.854004
-53.1736 101.331 -28.2778 0.242065 0.696289
-53.1736 101.331 38.3407 0.242065 0.989746
-53.1736 99.4285 -28.2778 0.235107 0.696289
69.7717 11.3186 48.2803 0.103577 0.705078
69.7717 11.3186 42.8313 0.103577 0.664551
69.0742 11.3186 47.925 0.108704 0.702148
51.0908 103.349 -28.0651 0.124084 0.197876
69.326 103.349 -38.6557 0.088623 0.136719
69.326 103.349 -28.0651 0.124084 0.136719
-63.5968 103.015 -38.6557 0.088623 0.582031
51.0908 103.349 -38.6557 0.088623 0.197876
-63.5968 103.015 -28.0651 0.124084 0.582031
45.2201 101.665 38.3407 0.993652 0.282227
58.974 101.665 -28.2778 0.700195 0.22168
58.974 101.665 38.3407 0.993652 0.22168
-53.1736 101.331 38.3407 0.993652 0.71582
45.2201 101.665 -28.2778 0.700195 0.282227
45.2201 101.665 38.3407 0.993652 0.282227
45.2201 99.7634 38.3407 0.398193 0.281006
45.2201 99.7634 -28.2778 0.691895 0.281006
-53.1736 99.4285 38.3407 0.398193 0.714355
-58.0506 11.4267 -38.8683 0.10376 0.762207
-63.1455 11.4267 -38.1706 0.108948 0.724609
-58.0506 11.4267 -38.1706 0.108948 0.762207
-63.9538 11.4267 -38.4153 0.107117 0.71875
-63.1455 11.4267 -38.1706 0.108948 0.724609
-63.5009 11.4267 -38.8683 0.10376 0.72168
52.9576 103.349 48.6761 0.480713 0.744141
52.9576 98.2784 48.6761 0.480713 0.727051
-63.5968 103.015 48.6761 0.98584 0.744141
52.9576 103.349 48.6761 0.480713 0.744141
69.326 98.2784 48.6761 0.409668 0.727051
52.9576 98.2784 48.6761 0.480713 0.727051
-63.5968 103.015 38.0856 0.088623 0.582031
52.9576 103.349 38.0856 0.088623 0.19165
-63.5968 103.015 48.6761 0.124084 0.582031
52.9576 103.349 38.0856 0.088623 0.19165
69.326 103.349 38.0856 0.088623 0.136719
52.9576 103.349 48.6761 0.124084 0.19165
-63.5968 97.9435 -28.0651 0.98584 0.727051
-63.5968 103.015 -28.0651 0.98584 0.744141
51.0908 98.2784 -28.0651 0.48877 0.727051
51.0908 103.349 -28.0651 0.48877 0.744141
69.326 98.2784 -28.0651 0.409668 0.727051
51.0908 98.2784 -28.0651 0.48877 0.727051
-63.5009 11.4267 -38.8683 0.174683 0.785645
-63.9538 20.1194 -38.4153 0.110352 0.782227
-63.9538 11.4267 -38.4153 0.174683 0.782227
-58.0506 20.1194 -38.8683 0.110352 0.826172
-63.5009 20.1194 -38.8683 0.110352 0.785645
-63.5009 11.4267 -38.8683 0.174683 0.785645
-63.7235 11.3186 42.6184 0.110352 0.613281
-63.7235 20.0092 42.6184 0.174683 0.613281
-63.7236 11.3186 48.4931 0.110352 0.656738
-63.2707 20.0092 48.946 0.174683 0.660156
-63.7236 11.3186 48.4931 0.110352 0.656738
-63.7236 20.0092 48.4931 0.174683 0.656738
-57.8217 11.3186 48.946 0.110352 0.700684
-63.2707 20.0092 48.946 0.174683 0.660156
-57.8217 20.0092 48.946 0.174683 0.700684
-63.7235 96.5264 42.6184 0.174683 0.613281
-63.7236 96.5264 48.4931 0.174683 0.656738
-63.7236 87.8358 48.4931 0.110352 0.656738
-57.8217 87.8358 48.946 0.110352 0.700684
-63.2707 87.8358 48.946 0.110352 0.660156
-63.2707 96.5264 48.946 0.174683 0.660156
-63.9538 88.4142 -32.5392 0.174683 0.73877
-63.9538 97.1069 -38.4153 0.110352 0.782227
-63.9538 97.1069 -32.5392 0.110352 0.73877
-63.5009 88.4142 -38.8683 0.174683 0.785645
-63.9538 97.1069 -38.4153 0.110352 0.782227
-63.9538 88.4142 -38.4153 0.174683 0.782227
-58.0506 97.1069 -38.8683 0.110352 0.826172
-63.5009 97.1069 -38.8683 0.110352 0.785645
-63.5009 88.4142 -38.8683 0.174683 0.785645
69.0899 20.1194 -39.2225 0.110352 0.782227
63.2138 20.1194 -39.2225 0.110352 0.73877
63.2138 11.4267 -39.2225 0.174683 0.73877
69.5428 20.1194 -38.7695 0.110352 0.785645
69.5428 11.4267 -38.7695 0.174683 0.785645
69.5428 20.1194 -33.3193 0.110352 0.826172
69.5428 11.4267 -38.7695 0.174683 0.785645
69.5428 11.4267 -33.3193 0.174683 0.826172
69.5428 20.1194 -33.3193 0.110352 0.826172
69.7717 96.5264 48.2803 0.174683 0.660156
69.3189 87.8358 48.7331 0.110352 0.656738
69.3189 96.5264 48.7331 0.174683 0.656738
69.3189 87.8358 48.7331 0.110352 0.656738
69.7717 96.5264 48.2803 0.174683 0.660156
69.7717 87.8358 48.2803 0.110352 0.660156
69.5428 97.1069 -38.7695 0.110352 0.785645
69.5428 88.4142 -38.7695 0.174683 0.785645
69.5428 97.1069 -33.3193 0.110352 0.826172
69.3189 11.3186 48.7331 0.110352 0.656738
63.4442 11.3186 48.7331 0.110352 0.613281
63.4442 20.0092 48.7331 0.174683 0.613281
69.7717 20.0092 48.2803 0.174683 0.660156
69.3189 11.3186 48.7331 0.110352 0.656738
69.3189 20.0092 48.7331 0.174683 0.656738
69.7717 20.0092 48.2803 0.174683 0.660156
69.7717 11.3186 42.8313 0.110352 0.700684
69.7717 11.3186 48.2803 0.110352 0.660156
-63.5968 103.015 38.0856 0.42041 0.907715
-63.5968 97.9435 38.0856 0.42041 0.890625
52.9576 98.2784 38.0856 0.925781 0.890625
-63.5968 97.9435 38.0856 0.080688 0.583008
-63.5968 97.9435 48.6761 0.045166 0.583008
52.9576 98.2784 48.6761 0.045166 0.192261
69.326 98.2784 38.0856 0.080688 0.137329
52.9576 98.2784 38.0856 0.080688 0.192261
52.9576 98.2784 48.6761 0.045166 0.192261
-63.5968 103.015 -38.6557 0.42041 0.907715
-63.5968 97.9435 -38.6557 0.42041 0.890625
51.0908 98.2784 -38.6557 0.91748 0.890625
51.0908 98.2784 -38.6557 0.91748 0.890625
69.326 103.349 -38.6557 0.996582 0.907715
51.0908 103.349 -38.6557 0.91748 0.907715
-63.5968 97.9435 -38.6557 0.080688 0.583008
-63.5968 97.9435 -28.0651 0.045166 0.583008
51.0908 98.2784 -28.0651 0.045166 0.198486
-53.1736 99.4285 38.3407 0.388428 0.715332
-53.1736 101.331 38.3407 0.381592 0.715332
45.2201 99.7634 38.3407 0.388428 0.503906
45.2201 101.665 38.3407 0.381592 0.503906
45.2201 99.7634 38.3407 0.388428 0.503906
-53.1736 101.331 38.3407 0.381592 0.715332
-53.1736 101.331 -28.2778 0.371094 0.715332
-53.1736 99.4285 -28.2778 0.364258 0.715332
45.2201 99.7634 -28.2778 0.364258 0.503906
45.2201 101.665 -28.2778 0.371094 0.503906
-53.1736 101.331 -28.2778 0.371094 0.715332
45.2201 99.7634 -28.2778 0.364258 0.503906
63.2138 11.4267 -38.4141 0.150635 0.724609
68.8452 11.4267 -38.4141 0.108948 0.724609
63.2138 11.4267 -39.2225 0.150635 0.71875
63.4442 87.8358 48.7331 0.150391 0.708496
69.0742 87.8358 47.925 0.108704 0.702148
63.4442 87.8358 47.925 0.150391 0.702148
69.7717 87.8358 48.2803 0.103577 0.705078
69.7717 87.8358 42.8313 0.103577 0.664551
69.0742 87.8358 47.925 0.108704 0.702148
69.0742 87.8358 42.8313 0.108704 0.664551
69.0742 87.8358 47.925 0.108704 0.702148
69.7717 87.8358 42.8313 0.103577 0.664551
-63.7236 96.5264 48.4931 0.107117 0.592773
-63.7235 96.5264 42.6184 0.150635 0.592773
-62.9154 96.5264 48.2485 0.108948 0.599121
-62.9154 96.5264 42.6184 0.150635 0.599121
-62.9154 96.5264 48.2485 0.108948 0.599121
-63.7235 96.5264 42.6184 0.150635 0.592773
68.8452 20.1194 -38.4141 0.108704 0.827637
69.0899 20.1194 -39.2225 0.106934 0.833984
69.5428 20.1194 -38.7695 0.103577 0.830566
69.5428 20.1194 -38.7695 0.103577 0.830566
69.5428 20.1194 -33.3193 0.103577 0.790039
68.8452 20.1194 -38.4141 0.108704 0.827637
69.0742 96.5264 47.925 0.108948 0.599121
69.7717 96.5264 42.8313 0.10376 0.636719
69.7717 96.5264 48.2803 0.10376 0.596191
69.3189 96.5264 48.7331 0.107117 0.592773
69.0742 96.5264 47.925 0.108948 0.599121
69.7717 96.5264 48.2803 0.10376 0.596191
63.2138 97.1069 -38.4141 0.150391 0.827637
63.2138 97.1069 -39.2225 0.150391 0.833984
68.8452 97.1069 -38.4141 0.108704 0.827637
69.0899 97.1069 -39.2225 0.106934 0.833984
68.8452 97.1069 -38.4141 0.108704 0.827637
63.2138 97.1069 -39.2225 0.150391 0.833984
68.8452 97.1069 -33.3193 0.108704 0.790039
68.8452 97.1069 -38.4141 0.108704 0.827637
69.5428 97.1069 -33.3193 0.103577 0.790039
69.0742 20.0092 42.8313 0.108948 0.636719
69.7717 20.0092 42.8313 0.10376 0.636719
69.0742 20.0092 47.925 0.108948 0.599121
69.3189 20.0092 48.7331 0.107117 0.592773
63.4442 20.0092 48.7331 0.150635 0.592773
69.0742 20.0092 47.925 0.108948 0.599121
63.4442 20.0092 47.925 0.150635 0.599121
69.0742 20.0092 47.925 0.108948 0.599121
63.4442 20.0092 48.7331 0.150635 0.592773
-63.7236 20.0092 48.4931 0.107117 0.592773
-63.7235 20.0092 42.6184 0.150635 0.592773
-62.9154 20.0092 48.2485 0.108948 0.599121
-62.9154 20.0092 48.2485 0.108948 0.599121
-57.8217 20.0092 48.946 0.10376 0.636719
-63.2707 20.0092 48.946 0.10376 0.596191
-56.0418 11.0267 -19.2767 0.337646 0.592773
-56.0418 98.3188 -19.2767 0.337646 0.993164
-50.9708 11.0267 -19.2767 0.320557 0.592773
-56.0418 11.0267 -31.0299 0.226807 0.69873
-56.0418 98.3188 -31.0299 0.226807 0.991699
-56.0418 11.0267 -19.2767 0.187378 0.69873
-50.9708 98.3188 -19.2767 0.378174 0.76709
-56.0418 98.3188 -19.2767 0.361084 0.76709
-56.0418 98.3188 -31.0299 0.361084 0.727539
-50.9708 11.0267 -19.2767 0.380371 0.900879
-50.9708 11.0267 -31.0299 0.380371 0.94043
-56.0418 11.0267 -19.2767 0.363281 0.900879
-56.0418 11.0267 40.5812 0.337646 0.592773
-56.0418 98.3188 40.5812 0.337646 0.993164
-50.9708 11.0267 40.5812 0.320557 0.592773
-56.0418 11.0267 28.8281 0.226807 0.69873
-56.0418 98.3188 28.8281 0.226807 0.991699
-56.0418 11.0267 40.5812 0.187378 0.69873
-50.9708 98.3188 40.5812 0.378174 0.76709
-56.0418 98.3188 40.5812 0.361084 0.76709
-56.0418 98.3188 28.8281 0.361084 0.727539
-50.9708 11.0267 40.5812 0.380371 0.900879
-50.9708 11.0267 28.8281 0.380371 0.94043
-56.0418 11.0267 40.5812 0.363281 0.900879
-56.0418 11.0267 28.8281 0.363281 0.94043
-56.0418 11.0267 40.5812 0.363281 0.900879
-50.9708 11.0267 28.8281 0.380371 0.94043
-63.1455 20.1194 -32.5392 0.174683 0.731934
-63.9538 11.4267 -32.5392 0.110352 0.726074
-63.9538 20.1194 -32.5392 0.174683 0.726074
-63.1455 11.4267 -32.5392 0.110352 0.731934
-63.9538 11.4267 -32.5392 0.110352 0.726074
-63.1455 20.1194 -32.5392 0.174683 0.731934
-58.0506 20.1194 -38.8683 0.174683 0.738281
-58.0506 11.4267 -38.8683 0.110352 0.738281
-58.0506 20.1194 -38.1706 0.174683 0.73291
-62.9154 11.3186 42.6184 0.174683 0.606445
-63.7235 20.0092 42.6184 0.110352 0.600586
-63.7235 11.3186 42.6184 0.174683 0.600586
-62.9154 20.0092 42.6184 0.110352 0.606445
-63.7235 20.0092 42.6184 0.110352 0.600586
-62.9154 11.3186 42.6184 0.174683 0.606445
-63.2707 11.3186 48.946 0.103577 0.705078
-57.8217 11.3186 48.946 0.103577 0.664551
-62.9154 11.3186 48.2485 0.108704 0.702148
-62.9154 11.3186 48.2485 0.108704 0.702148
-63.7235 11.3186 42.6184 0.150391 0.708496
-63.7236 11.3186 48.4931 0.106934 0.708496
-62.9154 87.8358 42.6184 0.174683 0.606445
-63.7235 96.5264 42.6184 0.110352 0.600586
-63.7235 87.8358 42.6184 0.174683 0.600586
-57.8217 87.8358 48.2485 0.174683 0.607422
-57.8217 87.8358 48.946 0.174683 0.612305
-57.8217 96.5264 48.946 0.110352 0.612305
-63.2707 87.8358 48.946 0.103577 0.705078
-57.8217 87.8358 48.946 0.103577 0.664551
-62.9154 87.8358 48.2485 0.108704 0.702148
-62.9154 87.8358 42.6184 0.150391 0.702148
-63.7235 87.8358 42.6184 0.150391 0.708496
-62.9154 87.8358 48.2485 0.108704 0.702148
-63.9538 97.1069 -38.4153 0.106934 0.833984
-63.1455 97.1069 -38.1706 0.108704 0.827637
-63.9538 97.1069 -32.5392 0.150391 0.833984
-63.1455 88.4142 -32.5392 0.150635 0.724609
-63.1455 88.4142 -38.1706 0.108948 0.724609
-63.9538 88.4142 -32.5392 0.150635 0.71875
-56.7454 0 48.3256 0.995117 0.94873
-56.7454 0 -38.1751 0.705078 0.94873
-56.7454 10.1724 48.3256 0.995117 0.914551
-56.7454 10.1724 48.3256 0.16748 0.29248
-56.7454 10.1724 -38.1751 0.16748 0.582031
-46.1549 10.1724 48.3256 0.13208 0.29248
-46.1549 0 -38.1751 0.703125 0.95752
-46.1549 0 48.3256 0.993164 0.95752
-46.1549 10.1724 -38.1751 0.703125 0.991699
-56.7454 0 48.3256 0.397217 0.986816
-56.7454 10.1724 48.3256 0.363281 0.986816
-46.1549 10.1724 48.3256 0.363281 0.95166
63.4442 96.5264 48.7331 0.110352 0.600586
63.4442 87.8358 47.925 0.174683 0.606445
63.4442 96.5264 47.925 0.110352 0.606445
69.0742 87.8358 42.8313 0.174683 0.607422
69.7717 87.8358 42.8313 0.174683 0.612305
69.7717 96.5264 42.8313 0.110352 0.612305
69.7717 96.5264 42.8313 0.110352 0.612305
69.0742 96.5264 42.8313 0.110352 0.607422
69.0742 87.8358 42.8313 0.174683 0.607422
68.8494 20.9624 43.1791 0.995117 0.841797
68.8494 20.9624 48.25 0.995117 0.858887
68.8494 87.1838 48.25 0.772949 0.858887
68.8494 87.1838 43.1791 0.772949 0.841797
68.8494 20.9624 43.1791 0.995117 0.841797
68.8494 87.1838 48.25 0.772949 0.858887
58.2588 20.9624 48.25 0.223267 0.583984
58.2588 87.1838 48.25 0.223267 0.362061
68.8494 20.9624 48.25 0.258789 0.583984
68.8494 20.9624 43.1791 0.382568 0.774414
58.2588 20.9624 43.1791 0.382568 0.80957
68.8494 20.9624 48.25 0.365479 0.774414
-63.5968 10.2707 -38.3088 0.995117 0.841797
-63.5968 10.2707 -33.2379 0.995117 0.858887
69.326 10.2707 -33.2379 0.418701 0.858887
69.326 20.8612 -33.2379 0.284668 0.00607699
-63.5968 20.8612 -33.2379 0.284668 0.58252
69.326 20.8612 -38.3088 0.267822 0.00607699
-63.5968 20.8612 -38.3088 0.993652 0.75293
-63.5968 10.2707 -38.3088 0.993652 0.788574
69.326 10.2707 -38.3088 0.547852 0.788574
69.326 10.2707 -38.3088 0.401855 0.762207
69.326 10.2707 -33.2379 0.38501 0.762207
69.326 20.8612 -33.2379 0.38501 0.726562
-63.5968 20.8612 -38.3088 0.382568 0.80957
-63.5968 20.8612 -33.2379 0.365479 0.80957
-63.5968 10.2707 -33.2379 0.365479 0.774414
-63.5968 10.2707 -38.3088 0.382568 0.774414
-63.5968 20.8612 -38.3088 0.382568 0.80957
-63.5968 10.2707 -33.2379 0.365479 0.774414
-63.2158 87.1838 43.1791 0.267822 0.360596
-63.2158 87.1838 48.25 0.284668 0.360596
-63.2158 20.9624 48.25 0.284668 0.58252
-63.2158 20.9624 43.1791 0.993652 0.75293
-52.6253 20.9624 43.1791 0.993652 0.788574
-52.6253 87.1838 43.1791 0.771484 0.788574
-63.2158 20.9624 43.1791 0.382568 0.80957
-63.2158 20.9624 48.25 0.365479 0.80957
-52.6253 20.9624 48.25 0.365479 0.774414
61.5997 10.4908 -33.3285 0.388428 0.00568801
-56.2636 10.4908 -33.3285 0.388428 0.715332
61.5997 10.4908 -31.2773 0.381592 0.00568801
61.5997 10.4908 -31.2773 0.993652 0.320557
-56.2636 10.4908 -31.2773 0.993652 0.71582
61.5997 98.0346 -31.2773 0.700195 0.320557
-56.2636 98.0346 -33.3285 0.364258 0.715332
61.5997 98.0346 -33.3285 0.364258 0.00544399
-56.2636 98.0346 -31.2773 0.371094 0.715332
-56.2636 98.0346 -33.3285 0.235107 0.696289
-56.2636 98.0346 -31.2773 0.242065 0.696289
-56.2636 10.4908 -31.2773 0.242065 0.989746
-58.1512 10.2707 43.1471 0.739746 0.841797
-58.1512 10.2707 -32.9694 0.995117 0.841797
-63.2222 10.2707 43.1471 0.739746 0.858887
-63.2222 10.2707 43.1471 0.258789 0.328857
-63.2222 10.2707 -32.9694 0.258789 0.583984
-63.2222 20.8612 43.1471 0.223267 0.329102
-58.1512 20.8612 43.1471 0.738281 0.75293
-58.1512 20.8612 -32.9694 0.993652 0.75293
-58.1512 10.2707 43.1471 0.738281 0.788574
-58.1512 10.2707 -32.9694 0.382568 0.774414
-58.1512 20.8612 -32.9694 0.382568 0.80957
-63.2222 10.2707 -32.9694 0.365479 0.774414
7.63733 0 48.3256 0.705078 0.94873
7.63733 10.1724 48.3256 0.705078 0.914551
7.63733 10.1724 -38.1751 0.995117 0.914551
7.63733 10.1724 -38.1751 0.995117 0.914551
7.63733 0 -38.1751 0.995117 0.94873
7.63733 0 48.3256 0.705078 0.94873
7.63733 0 -38.1751 0.397217 0.986816
-2.95319 10.1724 -38.1751 0.363281 0.95166
-2.95319 0 -38.1751 0.397217 0.95166
7.63733 10.1724 -38.1751 0.363281 0.986816
-2.95319 10.1724 -38.1751 0.363281 0.95166
7.63733 0 -38.1751 0.397217 0.986816
7.63733 0 48.3256 0.397949 0.85791
-2.95319 0 48.3256 0.397949 0.893555
7.63733 10.1724 48.3256 0.364014 0.85791
64.0102 10.2707 43.1471 0.258789 0.328857
64.0102 10.2707 -32.9694 0.258789 0.583984
64.0102 20.8612 43.1471 0.223267 0.329102
69.0812 20.8612 -32.9694 0.267822 0.58252
69.0812 20.8612 43.1471 0.267822 0.327393
64.0102 20.8612 -32.9694 0.284668 0.58252
69.0812 20.8612 43.1471 0.401855 0.726562
69.0812 10.2707 43.1471 0.401855 0.762207
64.0102 20.8612 43.1471 0.38501 0.726562
69.0812 10.2707 -32.9694 0.382568 0.774414
69.0812 20.8612 -32.9694 0.382568 0.80957
64.0102 10.2707 -32.9694 0.365479 0.774414
64.0102 20.8612 -32.9694 0.365479 0.80957
64.0102 10.2707 -32.9694 0.365479 0.774414
69.0812 20.8612 -32.9694 0.382568 0.80957
-63.1312 87.3241 48.25 0.258789 0.583984
-63.1312 97.9146 48.25 0.223267 0.583984
69.326 97.9146 48.25 0.223267 0.140137
-63.1312 97.9146 43.1791 0.267822 0.58252
69.326 97.9146 43.1791 0.267822 0.00607699
-63.1312 97.9146 48.25 0.284668 0.58252
69.326 87.3241 43.1791 0.401855 0.762207
69.326 87.3241 48.25 0.38501 0.762207
69.326 97.9146 48.25 0.38501 0.726562
69.326 97.9146 43.1791 0.401855 0.726562
69.326 87.3241 43.1791 0.401855 0.762207
69.326 97.9146 48.25 0.38501 0.726562
-63.1312 87.3241 43.1791 0.382568 0.774414
-63.1312 97.9146 43.1791 0.382568 0.80957
-63.1312 87.3241 48.25 0.365479 0.774414
-63.5968 87.3241 -33.2379 0.258789 0.583984
-63.5968 97.9146 -33.2379 0.223267 0.583984
69.326 97.9146 -33.2379 0.223267 0.13855
-63.5968 97.9146 -38.3088 0.267822 0.58252
69.326 97.9146 -38.3088 0.267822 0.00607699
-63.5968 97.9146 -33.2379 0.284668 0.58252
69.326 87.3241 -38.3088 0.401855 0.762207
69.326 87.3241 -33.2379 0.38501 0.762207
69.326 97.9146 -33.2379 0.38501 0.726562
-63.5968 97.9146 -38.3088 0.382568 0.80957
-63.5968 97.9146 -33.2379 0.365479 0.80957
-63.5968 87.3241 -33.2379 0.365479 0.774414
-63.5968 87.3241 -38.3088 0.382568 0.774414
-63.5968 97.9146 -38.3088 0.382568 0.80957
-63.5968 87.3241 -33.2379 0.365479 0.774414
-63.2222 87.3241 43.1471 0.258789 0.328857
-63.2222 87.3241 -32.9694 0.258789 0.583984
-63.2222 97.9146 43.1471 0.223267 0.329102
-58.1512 97.9146 -32.9694 0.267822 0.58252
-58.1512 97.9146 43.1471 0.267822 0.327393
-63.2222 97.9146 -32.9694 0.284668 0.58252
-58.1512 97.9146 43.1471 0.401855 0.726562
-58.1512 87.3241 43.1471 0.401855 0.762207
-63.2222 97.9146 43.1471 0.38501 0.726562
-58.1512 87.3241 -32.9694 0.382568 0.774414
-58.1512 97.9146 -32.9694 0.382568 0.80957
-63.2222 87.3241 -32.9694 0.365479 0.774414
69.0812 87.3241 43.1471 0.739746 0.841797
69.0812 87.3241 -32.9694 0.995117 0.841797
64.0102 87.3241 43.1471 0.739746 0.858887
64.0102 87.3241 43.1471 0.258789 0.328857
64.0102 87.3241 -32.9694 0.258789 0.583984
64.0102 97.9146 43.1471 0.223267 0.329102
64.0102 97.9146 -32.9694 0.223267 0.583984
64.0102 97.9146 43.1471 0.223267 0.329102
64.0102 87.3241 -32.9694 0.258789 0.583984
69.0812 97.9146 43.1471 0.401855 0.726562
69.0812 87.3241 43.1471 0.401855 0.762207
64.0102 97.9146 43.1471 0.38501 0.726562
69.0812 87.3241 -32.9694 0.382568 0.774414
69.0812 97.9146 -32.9694 0.382568 0.80957
64.0102 87.3241 -32.9694 0.365479 0.774414
63.725 10.4908 43.3808 0.388428 0.00568801
63.725 10.4908 -32.8133 0.388428 0.715332
61.6738 10.4908 43.3808 0.381592 0.00568801
61.6738 10.4908 43.3808 0.993652 0.460205
61.6738 10.4908 -32.8133 0.993652 0.71582
61.6738 98.0346 43.3808 0.700195 0.460205
63.725 98.0346 -32.8133 0.364258 0.715332
63.725 98.0346 43.3808 0.364258 0.00544399
61.6738 98.0346 -32.8133 0.371094 0.715332
63.725 98.0346 43.3808 0.34668 0.992187
63.725 10.4908 43.3808 0.34668 0.69873
61.6738 98.0346 43.3808 0.353516 0.992187
63.725 10.4908 -32.8133 0.235107 0.989746
63.725 98.0346 -32.8133 0.235107 0.696289
61.6738 10.4908 -32.8133 0.242065 0.989746
-63.1312 10.2707 43.1791 0.995117 0.841797
-63.1312 10.2707 48.25 0.995117 0.858887
69.326 10.2707 48.25 0.418701 0.858887
-63.1312 10.2707 48.25 0.258789 0.583984
-63.1312 20.8612 48.25 0.223267 0.583984
69.326 20.8612 48.25 0.223267 0.140137
69.326 10.2707 48.25 0.258789 0.140137
-63.1312 10.2707 48.25 0.258789 0.583984
69.326 20.8612 48.25 0.223267 0.140137
69.326 10.2707 43.1791 0.401855 0.762207
69.326 10.2707 48.25 0.38501 0.762207
69.326 20.8612 48.25 0.38501 0.726562
-63.1312 20.8612 43.1791 0.382568 0.80957
-63.1312 20.8612 48.25 0.365479 0.80957
-63.1312 10.2707 48.25 0.365479 0.774414
-63.1312 10.2707 43.1791 0.382568 0.774414
-63.1312 20.8612 43.1791 0.382568 0.80957
-63.1312 10.2707 48.25 0.365479 0.774414
52.5743 10.1724 48.3256 0.16748 0.29248
52.5743 10.1724 -38.1751 0.16748 0.582031
63.1648 10.1724 48.3256 0.13208 0.29248
63.1648 0 -38.1751 0.703125 0.95752
63.1648 0 48.3256 0.993164 0.95752
63.1648 10.1724 -38.1751 0.703125 0.991699
52.5743 0 48.3256 0.397217 0.986816
52.5743 10.1724 48.3256 0.363281 0.986816
63.1648 10.1724 48.3256 0.363281 0.95166
63.1648 0 -38.1751 0.397949 0.893555
52.5743 10.1724 -38.1751 0.364014 0.85791
52.5743 0 -38.1751 0.397949 0.85791
63.1648 10.1724 -38.1751 0.364014 0.893555
52.5743 10.1724 -38.1751 0.364014 0.85791
63.1648 0 -38.1751 0.397949 0.893555
68.8452 97.1069 -33.3193 0.174683 0.73291
69.5428 97.1069 -33.3193 0.174683 0.738281
69.5428 88.4142 -33.3193 0.110352 0.738281
63.4442 11.3186 47.925 0.174683 0.606445
63.4442 20.0092 48.7331 0.110352 0.600586
63.4442 11.3186 48.7331 0.174683 0.600586
63.4442 11.3186 48.7331 0.150391 0.708496
69.0742 11.3186 47.925 0.108704 0.702148
63.4442 11.3186 47.925 0.150391 0.702148
68.9861 31.8953 43.1009 0.680664 0.883789
63.9151 31.8953 43.1009 0.680664 0.866699
63.9151 87.1369 -33.3105 0.996582 0.866699
63.9151 31.8953 43.1009 0.330322 0.583008
63.9151 21.3048 43.1009 0.294922 0.583008
63.9151 76.5464 -33.3105 0.294922 0.280762
63.9151 21.3048 43.1009 0.356445 0.58252
68.9861 21.3048 43.1009 0.339355 0.58252
68.9861 76.5464 -33.3105 0.339355 0.266602
68.9861 76.5464 -33.3105 0.339355 0.266602
63.9151 76.5464 -33.3105 0.356445 0.266602
63.9151 21.3048 43.1009 0.356445 0.58252
68.9861 31.8953 43.1009 0.381348 0.817871
68.9861 21.3048 43.1009 0.381348 0.853516
63.9151 31.8953 43.1009 0.364502 0.817871
58.3805 87.1369 -38.3625 0.996582 0.866699
58.3805 87.1369 -33.2915 0.996582 0.883789
-52.4774 31.8953 -33.2915 0.420166 0.883789
-52.4774 31.8953 -38.3625 0.330322 0.583008
-52.4774 21.3048 -38.3625 0.294922 0.583008
58.3805 76.5464 -38.3625 0.294922 0.177124
-52.4774 21.3048 -38.3625 0.356445 0.58252
-52.4774 21.3048 -33.2915 0.339355 0.58252
58.3805 76.5464 -33.2915 0.339355 0.00634801
58.3805 76.5464 -38.3625 0.356445 0.00634801
-52.4774 21.3048 -38.3625 0.356445 0.58252
58.3805 76.5464 -33.2915 0.339355 0.00634801
-52.4774 31.8953 -38.3625 0.364502 0.817871
-52.4774 31.8953 -33.2915 0.381348 0.817871
-52.4774 21.3048 -33.2915 0.381348 0.853516
58.3805 87.1369 42.9047 0.996582 0.866699
58.3805 87.1369 47.9757 0.996582 0.883789
-52.4774 31.8953 47.9757 0.420166 0.883789
-52.4774 31.8953 42.9047 0.330322 0.583008
-52.4774 21.3048 42.9047 0.294922 0.583008
58.3805 76.5464 42.9047 0.294922 0.177124
-52.4774 21.3048 42.9047 0.356445 0.58252
-52.4774 21.3048 47.9757 0.339355 0.58252
58.3805 76.5464 47.9757 0.339355 0.00634801
58.3805 76.5464 42.9047 0.356445 0.00634801
-52.4774 21.3048 42.9047 0.356445 0.58252
58.3805 76.5464 47.9757 0.339355 0.00634801
-52.4774 31.8953 42.9047 0.364502 0.817871
-52.4774 31.8953 47.9757 0.381348 0.817871
-52.4774 21.3048 47.9757 0.381348 0.853516
61.5383 98.3188 40.5812 0.320557 0.993164
61.5383 11.0267 40.5812 0.320557 0.592773
56.4673 98.3188 40.5812 0.337646 0.993164
56.4673 11.0267 40.5812 0.337646 0.592773
56.4673 98.3188 40.5812 0.337646 0.993164
61.5383 11.0267 40.5812 0.320557 0.592773
56.4673 11.0267 28.8281 0.251221 0.591309
61.5383 11.0267 28.8281 0.268311 0.591309
61.5383 98.3188 28.8281 0.268311 0.991699
61.5383 98.3188 28.8281 0.273438 0.991699
61.5383 11.0267 28.8281 0.273438 0.69873
61.5383 98.3188 40.5812 0.312988 0.991699
61.5383 11.0267 40.5812 0.380371 0.900879
61.5383 11.0267 28.8281 0.380371 0.94043
56.4673 11.0267 40.5812 0.363281 0.900879
-52.6253 20.9624 -38.49 0.995117 0.841797
-52.6253 20.9624 -33.419 0.995117 0.858887
-52.6253 87.1838 -33.419 0.772949 0.858887
-52.6253 87.1838 -33.419 0.258789 0.362061
-52.6253 20.9624 -33.419 0.258789 0.583984
-63.2158 87.1838 -33.419 0.223267 0.362061
-63.2158 87.1838 -33.419 0.284668 0.360596
-63.2158 20.9624 -33.419 0.284668 0.58252
-63.2158 87.1838 -38.49 0.267822 0.360596
-63.2158 20.9624 -38.49 0.267822 0.58252
-63.2158 87.1838 -38.49 0.267822 0.360596
-63.2158 20.9624 -33.419 0.284668 0.58252
-63.2158 20.9624 -38.49 0.382568 0.80957
-63.2158 20.9624 -33.419 0.365479 0.80957
-52.6253 20.9624 -33.419 0.365479 0.774414
68.8494 20.9624 -38.49 0.995117 0.841797
68.8494 20.9624 -33.419 0.995117 0.858887
68.8494 87.1838 -33.419 0.772949 0.858887
58.2588 87.1838 -33.419 0.284668 0.360596
58.2588 20.9624 -33.419 0.284668 0.58252
58.2588 87.1838 -38.49 0.267822 0.360596
68.8494 87.1838 -38.49 0.771484 0.788574
58.2588 87.1838 -38.49 0.771484 0.75293
58.2588 20.9624 -38.49 0.993652 0.75293
58.2588 87.1838 -38.49 0.401855 0.726562
68.8494 87.1838 -38.49 0.401855 0.762207
58.2588 87.1838 -33.419 0.38501 0.726562
68.8494 20.9624 -38.49 0.382568 0.774414
58.2588 20.9624 -38.49 0.382568 0.80957
68.8494 20.9624 -33.419 0.365479 0.774414
63.7239 10.8645 43.3808 0.371094 0.00544399
63.7239 10.8645 -32.8133 0.371094 0.715332
63.7239 8.81325 43.3808 0.364258 0.00544399
63.7239 8.81325 43.3808 0.691895 0.52832
63.7239 8.81325 -32.8133 0.691895 0.714355
-56.3712 8.81325 43.3808 0.398193 0.52832
-56.3712 8.81325 43.3808 0.34668 0.69873
-56.3712 10.8645 43.3808 0.353516 0.69873
63.7239 10.8645 43.3808 0.353516 0.992187
-56.3469 10.4908 41.2187 0.388428 0.715332
-56.3469 10.4908 43.27 0.381592 0.715332
61.529 10.4908 43.27 0.381592 0.00568801
61.529 98.0346 43.27 0.371094 0.00544399
-56.3469 98.0346 43.27 0.371094 0.715332
61.529 98.0346 41.2187 0.364258 0.00544399
-56.3469 98.0346 41.2187 0.691895 0.714355
-56.3469 10.4908 41.2187 0.398193 0.714355
61.529 10.4908 41.2187 0.398193 0.319336
61.529 98.0346 41.2187 0.691895 0.319336
-56.3469 98.0346 41.2187 0.691895 0.714355
61.529 10.4908 41.2187 0.398193 0.319336
56.4673 98.3188 -31.0299 0.226807 0.991699
56.4673 98.3188 -19.2767 0.187378 0.991699
56.4673 11.0267 -19.2767 0.187378 0.69873
56.4673 11.0267 -31.0299 0.251221 0.591309
61.5383 11.0267 -31.0299 0.268311 0.591309
61.5383 98.3188 -31.0299 0.268311 0.991699
61.5383 11.0267 -31.0299 0.273438 0.69873
61.5383 11.0267 -19.2767 0.312988 0.69873
61.5383 98.3188 -19.2767 0.312988 0.991699
61.5383 98.3188 -31.0299 0.273438 0.991699
61.5383 11.0267 -31.0299 0.273438 0.69873
61.5383 98.3188 -19.2767 0.312988 0.991699
-56.3826 10.4908 43.3808 0.388428 0.00568801
-56.3826 10.4908 -32.8133 0.388428 0.715332
-58.4338 10.4908 43.3808 0.381592 0.00568801
-58.4338 10.4908 43.3808 0.993652 0.460205
-58.4338 10.4908 -32.8133 0.993652 0.71582
-58.4338 98.0346 43.3808 0.700195 0.460205
-56.3826 98.0346 43.3808 0.691895 0.458984
-56.3826 98.0346 -32.8133 0.691895 0.714355
-56.3826 10.4908 43.3808 0.398193 0.458984
-56.3826 10.4908 -32.8133 0.398193 0.714355
-56.3826 10.4908 43.3808 0.398193 0.458984
-56.3826 98.0346 -32.8133 0.691895 0.714355
-56.3826 10.4908 -32.8133 0.235107 0.989746
-56.3826 98.0346 -32.8133 0.235107 0.696289
-58.4338 10.4908 -32.8133 0.242065 0.989746
-57.903 31.8953 43.0098 0.680664 0.883789
-62.974 31.8953 43.0098 0.680664 0.866699
-62.974 87.1369 -33.3075 0.996582 0.866699
-62.974 31.8953 43.0098 0.330322 0.583008
-62.974 21.3048 43.0098 0.294922 0.583008
-62.974 76.5464 -33.3075 0.294922 0.281006
-57.903 21.3048 43.0098 0.994629 0.79834
-57.903 31.8953 43.0098 0.994629 0.833496
-57.903 76.5464 -33.3075 0.692383 0.79834
-57.903 87.1369 -33.3075 0.67041 0.833496
-57.903 76.5464 -33.3075 0.692383 0.79834
-57.903 31.8953 43.0098 0.994629 0.833496
-57.903 31.8953 43.0098 0.381348 0.817871
-57.903 21.3048 43.0098 0.381348 0.853516
-62.974 31.8953 43.0098 0.364502 0.817871
5.90207 97.9435 38.1367 0.98584 0.727051
5.90207 103.015 38.1367 0.98584 0.744141
5.90207 103.015 -27.7637 0.409668 0.744141
5.90207 103.015 38.1367 0.124084 0.582031
-4.68845 103.015 38.1367 0.088623 0.582031
-4.68845 103.015 -27.7637 0.088623 0.361328
-4.68845 103.015 38.1367 0.42041 0.907715
-4.68845 97.9435 38.1367 0.42041 0.890625
-4.68845 97.9435 -27.7637 0.996582 0.890625
5.90207 97.9435 -27.7637 0.045166 0.362061
-4.68845 97.9435 -27.7637 0.080688 0.362061
-4.68845 97.9435 38.1367 0.080688 0.583008
5.90207 103.015 -27.7637 0.388672 0.803223
-4.68845 103.015 -27.7637 0.388672 0.767578
5.90207 97.9435 -27.7637 0.405762 0.803223
-63.5968 97.9435 48.6761 0.406006 0.818359
-63.5968 97.9435 38.0856 0.406006 0.854004
-63.5968 103.015 48.6761 0.388916 0.818359
-63.5968 103.015 38.0856 0.388916 0.854004
-63.5968 103.015 48.6761 0.388916 0.818359
-63.5968 97.9435 38.0856 0.406006 0.854004
-52.8607 103.015 -27.8119 0.409668 0.744141
-52.8607 97.9435 -27.8119 0.409668 0.727051
-52.8607 97.9435 38.2014 0.98584 0.727051
-63.4512 103.015 38.2014 0.42041 0.907715
-63.4512 97.9435 38.2014 0.42041 0.890625
-63.4512 97.9435 -27.8119 0.996582 0.890625
-52.8607 97.9435 -27.8119 0.045166 0.361572
-63.4512 97.9435 -27.8119 0.080688 0.361572
-63.4512 97.9435 38.2014 0.080688 0.583008
-63.4512 97.9435 38.2014 0.406006 0.854004
-63.4512 103.015 38.2014 0.388916 0.854004
-52.8607 103.015 38.2014 0.388916 0.818359
-52.8607 97.9435 38.2014 0.406006 0.818359
-63.4512 97.9435 38.2014 0.406006 0.854004
-52.8607 103.015 38.2014 0.388916 0.818359
69.1541 103.349 -27.9422 0.409668 0.744141
69.1541 98.2784 -27.9422 0.409668 0.727051
69.1541 98.2784 38.2014 0.98584 0.727051
58.5635 103.349 38.2014 0.42041 0.907715
58.5635 98.2784 38.2014 0.42041 0.890625
58.5635 98.2784 -27.9422 0.996582 0.890625
69.1541 98.2784 -27.9422 0.045166 0.361084
58.5635 98.2784 -27.9422 0.080688 0.361084
58.5635 98.2784 38.2014 0.080688 0.583008
58.5635 98.2784 38.2014 0.406006 0.854004
58.5635 103.349 38.2014 0.388916 0.854004
69.1541 103.349 38.2014 0.388916 0.818359
69.326 98.2784 -28.0651 0.405762 0.803223
69.326 103.349 -28.0651 0.388672 0.803223
69.326 103.349 -38.6557 0.388672 0.767578
-63.5968 97.9435 -28.0651 0.406006 0.818359
-63.5968 97.9435 -38.6557 0.406006 0.854004
-63.5968 103.015 -28.0651 0.388916 0.818359
58.974 99.7634 38.3407 0.34668 0.69873
58.974 101.665 38.3407 0.353516 0.69873
58.974 101.665 -28.2778 0.353516 0.992187
58.974 101.665 -28.2778 0.353516 0.992187
58.974 99.7634 -28.2778 0.34668 0.992187
58.974 99.7634 38.3407 0.34668 0.69873
69.0742 11.3186 42.8313 0.108704 0.664551
69.0742 11.3186 47.925 0.108704 0.702148
69.7717 11.3186 42.8313 0.103577 0.664551
51.0908 103.349 -38.6557 0.088623 0.197876
69.326 103.349 -38.6557 0.088623 0.136719
51.0908 103.349 -28.0651 0.124084 0.197876
51.0908 103.349 -38.6557 0.088623 0.197876
51.0908 103.349 -28.0651 0.124084 0.197876
-63.5968 103.015 -28.0651 0.124084 0.582031
45.2201 101.665 -28.2778 0.700195 0.282227
58.974 101.665 -28.2778 0.700195 0.22168
45.2201 101.665 38.3407 0.993652 0.282227
45.2201 99.7634 38.3407 0.398193 0.281006
58.974 99.7634 38.3407 0.398193 0.220337
58.974 99.7634 -28.2778 0.691895 0.220337
-53.1736 99.4285 -28.2778 0.691895 0.714355
-53.1736 99.4285 38.3407 0.398193 0.714355
45.2201 99.7634 -28.2778 0.691895 0.281006
-63.1455 11.4267 -38.1706 0.108948 0.724609
-58.0506 11.4267 -38.8683 0.10376 0.762207
-63.5009 11.4267 -38.8683 0.10376 0.72168
-63.1455 88.4142 -38.1706 0.108948 0.724609
-58.0506 88.4142 -38.8683 0.10376 0.762207
-63.5009 88.4142 -38.8683 0.10376 0.72168
-63.5968 97.9435 48.6761 0.98584 0.727051
-63.5968 103.015 48.6761 0.98584 0.744141
52.9576 98.2784 48.6761 0.480713 0.727051
52.9576 103.349 38.0856 0.088623 0.19165
52.9576 103.349 48.6761 0.124084 0.19165
-63.5968 103.015 48.6761 0.124084 0.582031
69.326 103.349 48.6761 0.124084 0.136719
52.9576 103.349 48.6761 0.124084 0.19165
69.326 103.349 38.0856 0.088623 0.136719
51.0908 103.349 -28.0651 0.48877 0.744141
51.0908 98.2784 -28.0651 0.48877 0.727051
-63.5968 103.015 -28.0651 0.98584 0.744141
69.326 98.2784 -28.0651 0.409668 0.727051
51.0908 103.349 -28.0651 0.48877 0.744141
69.326 103.349 -28.0651 0.409668 0.744141
-63.9538 11.4267 -32.5392 0.174683 0.73877
-63.9538 20.1194 -38.4153 0.110352 0.782227
-63.9538 20.1194 -32.5392 0.110352 0.73877
-58.0506 20.1194 -38.8683 0.110352 0.826172
-63.5009 11.4267 -38.8683 0.174683 0.785645
-58.0506 11.4267 -38.8683 0.174683 0.826172
-63.7235 20.0092 42.6184 0.174683 0.613281
-63.7236 20.0092 48.4931 0.174683 0.656738
-63.7236 11.3186 48.4931 0.110352 0.656738
-63.2707 11.3186 48.946 0.110352 0.660156
-63.7236 11.3186 48.4931 0.110352 0.656738
-63.2707 20.0092 48.946 0.174683 0.660156
-57.8217 11.3186 48.946 0.110352 0.700684
-63.2707 11.3186 48.946 0.110352 0.660156
-63.2707 20.0092 48.946 0.174683 0.660156
-63.2707 87.8358 48.946 0.110352 0.660156
-63.7236 87.8358 48.4931 0.110352 0.656738
-63.2707 96.5264 48.946 0.174683 0.660156
-57.8217 87.8358 48.946 0.110352 0.700684
-63.2707 96.5264 48.946 0.174683 0.660156
-57.8217 96.5264 48.946 0.174683 0.700684
-63.9538 88.4142 -38.4153 0.174683 0.782227
-63.9538 97.1069 -38.4153 0.110352 0.782227
-63.9538 88.4142 -32.5392 0.174683 0.73877
-63.9538 97.1069 -38.4153 0.110352 0.782227
-63.5009 88.4142 -38.8683 0.174683 0.785645
-63.5009 97.1069 -38.8683 0.110352 0.785645
-58.0506 97.1069 -38.8683 0.110352 0.826172
-63.5009 88.4142 -38.8683 0.174683 0.785645
-58.0506 88.4142 -38.8683 0.174683 0.826172
69.0899 11.4267 -39.2225 0.174683 0.782227
69.5428 11.4267 -38.7695 0.174683 0.785645
69.0899 20.1194 -39.2225 0.110352 0.782227
69.3189 87.8358 48.7331 0.110352 0.656738
63.4442 87.8358 48.7331 0.110352 0.613281
63.4442 96.5264 48.7331 0.174683 0.613281
69.3189 87.8358 48.7331 0.110352 0.656738
63.4442 96.5264 48.7331 0.174683 0.613281
69.3189 96.5264 48.7331 0.174683 0.656738
69.7717 96.5264 48.2803 0.174683 0.660156
69.7717 87.8358 42.8313 0.110352 0.700684
69.7717 87.8358 48.2803 0.110352 0.660156
69.7717 96.5264 42.8313 0.174683 0.700684
69.7717 87.8358 42.8313 0.110352 0.700684
69.7717 96.5264 48.2803 0.174683 0.660156
69.5428 88.4142 -38.7695 0.174683 0.785645
69.5428 88.4142 -33.3193 0.174683 0.826172
69.5428 97.1069 -33.3193 0.110352 0.826172
69.3189 11.3186 48.7331 0.110352 0.656738
63.4442 20.0092 48.7331 0.174683 0.613281
69.3189 20.0092 48.7331 0.174683 0.656738
69.3189 11.3186 48.7331 0.110352 0.656738
69.7717 20.0092 48.2803 0.174683 0.660156
69.7717 11.3186 48.2803 0.110352 0.660156
69.7717 20.0092 42.8313 0.174683 0.700684
69.7717 11.3186 42.8313 0.110352 0.700684
69.7717 20.0092 48.2803 0.174683 0.660156
52.9576 98.2784 38.0856 0.925781 0.890625
69.326 103.349 38.0856 0.996582 0.907715
52.9576 103.349 38.0856 0.925781 0.907715
52.9576 98.2784 38.0856 0.080688 0.192261
-63.5968 97.9435 38.0856 0.080688 0.583008
52.9576 98.2784 48.6761 0.045166 0.192261
69.326 98.2784 38.0856 0.080688 0.137329
52.9576 98.2784 48.6761 0.045166 0.192261
69.326 98.2784 48.6761 0.045166 0.137329
51.0908 103.349 -38.6557 0.91748 0.907715
-63.5968 103.015 -38.6557 0.42041 0.907715
51.0908 98.2784 -38.6557 0.91748 0.890625
69.326 103.349 -38.6557 0.996582 0.907715
51.0908 98.2784 -38.6557 0.91748 0.890625
69.326 98.2784 -38.6557 0.996582 0.890625
69.326 98.2784 -38.6557 0.080688 0.137329
51.0908 98.2784 -38.6557 0.080688 0.198486
51.0908 98.2784 -28.0651 0.045166 0.198486
45.2201 101.665 38.3407 0.381592 0.503906
58.974 101.665 38.3407 0.381592 0.474609
45.2201 99.7634 38.3407 0.388428 0.503906
58.974 99.7634 38.3407 0.388428 0.474609
45.2201 99.7634 38.3407 0.388428 0.503906
58.974 101.665 38.3407 0.381592 0.474609
45.2201 99.7634 -28.2778 0.364258 0.503906
58.974 101.665 -28.2778 0.371094 0.474365
45.2201 101.665 -28.2778 0.371094 0.503906
58.974 101.665 -28.2778 0.371094 0.474365
45.2201 99.7634 -28.2778 0.364258 0.503906
58.974 99.7634 -28.2778 0.364258 0.474365
69.0742 87.8358 47.925 0.108704 0.702148
63.4442 87.8358 48.7331 0.150391 0.708496
69.3189 87.8358 48.7331 0.106934 0.708496
69.0742 87.8358 47.925 0.108704 0.702148
69.3189 87.8358 48.7331 0.106934 0.708496
69.7717 87.8358 48.2803 0.103577 0.705078
69.5428 88.4142 -33.3193 0.10376 0.762207
68.8452 88.4142 -38.4141 0.108948 0.724609
68.8452 88.4142 -33.3193 0.108948 0.762207
69.5428 88.4142 -38.7695 0.10376 0.72168
68.8452 88.4142 -38.4141 0.108948 0.724609
69.5428 88.4142 -33.3193 0.10376 0.762207
-62.9154 96.5264 48.2485 0.108948 0.599121
-57.8217 96.5264 48.946 0.10376 0.636719
-63.2707 96.5264 48.946 0.10376 0.596191
-63.7236 96.5264 48.4931 0.107117 0.592773
-62.9154 96.5264 48.2485 0.108948 0.599121
-63.2707 96.5264 48.946 0.10376 0.596191
63.2138 20.1194 -38.4141 0.150391 0.827637
63.2138 20.1194 -39.2225 0.150391 0.833984
68.8452 20.1194 -38.4141 0.108704 0.827637
69.0899 20.1194 -39.2225 0.106934 0.833984
68.8452 20.1194 -38.4141 0.108704 0.827637
63.2138 20.1194 -39.2225 0.150391 0.833984
68.8452 20.1194 -33.3193 0.108704 0.790039
68.8452 20.1194 -38.4141 0.108704 0.827637
69.5428 20.1194 -33.3193 0.103577 0.790039
69.0742 96.5264 42.8313 0.108948 0.636719
69.7717 96.5264 42.8313 0.10376 0.636719
69.0742 96.5264 47.925 0.108948 0.599121
69.3189 96.5264 48.7331 0.107117 0.592773
63.4442 96.5264 48.7331 0.150635 0.592773
69.0742 96.5264 47.925 0.108948 0.599121
63.4442 96.5264 47.925 0.150635 0.599121
69.0742 96.5264 47.925 0.108948 0.599121
63.4442 96.5264 48.7331 0.150635 0.592773
68.8452 97.1069 -38.4141 0.108704 0.827637
69.0899 97.1069 -39.2225 0.106934 0.833984
69.5428 97.1069 -38.7695 0.103577 0.830566
69.5428 97.1069 -38.7695 0.103577 0.830566
69.5428 97.1069 -33.3193 0.103577 0.790039
68.8452 97.1069 -38.4141 0.108704 0.827637
69.0742 20.0092 47.925 0.108948 0.599121
69.7717 20.0092 42.8313 0.10376 0.636719
69.7717 20.0092 48.2803 0.10376 0.596191
69.3189 20.0092 48.7331 0.107117 0.592773
69.0742 20.0092 47.925 0.108948 0.599121
69.7717 20.0092 48.2803 0.10376 0.596191
-50.9708 98.3188 -19.2767 0.320557 0.993164
-50.9708 11.0267 -19.2767 0.320557 0.592773
-56.0418 98.3188 -19.2767 0.337646 0.993164
-56.0418 98.3188 -31.0299 0.226807 0.991699
-56.0418 98.3188 -19.2767 0.187378 0.991699
-56.0418 11.0267 -19.2767 0.187378 0.69873
-50.9708 11.0267 -31.0299 0.273438 0.69873
-50.9708 11.0267 -19.2767 0.312988 0.69873
-50.9708 98.3188 -19.2767 0.312988 0.991699
-50.9708 98.3188 40.5812 0.320557 0.993164
-50.9708 11.0267 40.5812 0.320557 0.592773
-56.0418 98.3188 40.5812 0.337646 0.993164
-56.0418 98.3188 28.8281 0.226807 0.991699
-56.0418 98.3188 40.5812 0.187378 0.991699
-56.0418 11.0267 40.5812 0.187378 0.69873
-50.9708 11.0267 28.8281 0.273438 0.69873
-50.9708 11.0267 40.5812 0.312988 0.69873
-50.9708 98.3188 40.5812 0.312988 0.991699
-58.0506 20.1194 -38.1706 0.108704 0.790039
-63.1455 20.1194 -38.1706 0.108704 0.827637
-58.0506 20.1194 -38.8683 0.103577 0.790039
-63.9538 20.1194 -32.5392 0.150391 0.833984
-63.1455 20.1194 -38.1706 0.108704 0.827637
-63.1455 20.1194 -32.5392 0.150391 0.827637
-63.9538 11.4267 -38.4153 0.107117 0.71875
-63.9538 11.4267 -32.5392 0.150635 0.71875
-63.1455 11.4267 -38.1706 0.108948 0.724609
-57.8217 87.8358 48.2485 0.108704 0.664551
-62.9154 87.8358 48.2485 0.108704 0.702148
-57.8217 87.8358 48.946 0.103577 0.664551
-62.9154 87.8358 48.2485 0.108704 0.702148
-63.7235 87.8358 42.6184 0.150391 0.708496
-63.7236 87.8358 48.4931 0.106934 0.708496
-63.1455 97.1069 -32.5392 0.174683 0.731934
-63.9538 88.4142 -32.5392 0.110352 0.726074
-63.9538 97.1069 -32.5392 0.174683 0.726074
-46.1549 10.1724 48.3256 0.993164 0.991699
-46.1549 10.1724 -38.1751 0.703125 0.991699
-46.1549 0 48.3256 0.993164 0.95752
-56.7454 0 -38.1751 0.177612 0.58252
-56.7454 0 48.3256 0.177612 0.29248
-46.1549 0 -38.1751 0.213135 0.58252
-46.1549 0 48.3256 0.397217 0.95166
-56.7454 0 48.3256 0.397217 0.986816
-46.1549 10.1724 48.3256 0.363281 0.95166
58.2588 87.1838 43.1791 0.267822 0.360596
58.2588 87.1838 48.25 0.284668 0.360596
58.2588 20.9624 48.25 0.284668 0.58252
68.8494 87.1838 43.1791 0.401855 0.762207
68.8494 87.1838 48.25 0.38501 0.762207
58.2588 87.1838 48.25 0.38501 0.726562
58.2588 20.9624 43.1791 0.382568 0.80957
58.2588 20.9624 48.25 0.365479 0.80957
68.8494 20.9624 48.25 0.365479 0.774414
-52.6253 20.9624 43.1791 0.995117 0.841797
-52.6253 20.9624 48.25 0.995117 0.858887
-52.6253 87.1838 48.25 0.772949 0.858887
-52.6253 87.1838 48.25 0.258789 0.362061
-52.6253 20.9624 48.25 0.258789 0.583984
-63.2158 87.1838 48.25 0.223267 0.362061
-56.2636 10.4908 -33.3285 0.388428 0.715332
-56.2636 10.4908 -31.2773 0.381592 0.715332
61.5997 10.4908 -31.2773 0.381592 0.00568801
61.5997 98.0346 -31.2773 0.371094 0.00544399
-56.2636 98.0346 -31.2773 0.371094 0.715332
61.5997 98.0346 -33.3285 0.364258 0.00544399
-56.2636 98.0346 -33.3285 0.691895 0.714355
-56.2636 10.4908 -33.3285 0.398193 0.714355
61.5997 10.4908 -33.3285 0.398193 0.319336
-58.1512 20.8612 43.1471 0.401855 0.726562
-58.1512 10.2707 43.1471 0.401855 0.762207
-63.2222 20.8612 43.1471 0.38501 0.726562
-63.2222 20.8612 -32.9694 0.365479 0.80957
-63.2222 10.2707 -32.9694 0.365479 0.774414
-58.1512 20.8612 -32.9694 0.382568 0.80957
7.63733 10.1724 48.3256 0.16748 0.582031
-2.95319 10.1724 48.3256 0.13208 0.582031
-2.95319 10.1724 -38.1751 0.13208 0.29248
-2.95319 0 48.3256 0.213135 0.58252
7.63733 0 48.3256 0.177612 0.58252
7.63733 0 -38.1751 0.177612 0.29248
64.0102 20.8612 43.1471 0.284668 0.327393
64.0102 20.8612 -32.9694 0.284668 0.58252
69.0812 20.8612 43.1471 0.267822 0.327393
69.0812 20.8612 43.1471 0.738281 0.75293
69.0812 20.8612 -32.9694 0.993652 0.75293
69.0812 10.2707 43.1471 0.738281 0.788574
69.326 97.9146 43.1791 0.267822 0.00607699
69.326 97.9146 48.25 0.284668 0.00607699
-63.1312 97.9146 48.25 0.284668 0.58252
-63.1312 97.9146 43.1791 0.993652 0.75293
-63.1312 87.3241 43.1791 0.993652 0.788574
69.326 87.3241 43.1791 0.549316 0.788574
69.326 97.9146 -33.2379 0.284668 0.00607699
-63.5968 97.9146 -33.2379 0.284668 0.58252
69.326 97.9146 -38.3088 0.267822 0.00607699
-63.5968 97.9146 -38.3088 0.993652 0.75293
-63.5968 87.3241 -38.3088 0.993652 0.788574
69.326 87.3241 -38.3088 0.547852 0.788574
-63.2222 97.9146 43.1471 0.284668 0.327393
-63.2222 97.9146 -32.9694 0.284668 0.58252
-58.1512 97.9146 43.1471 0.267822 0.327393
-58.1512 97.9146 43.1471 0.738281 0.75293
-58.1512 97.9146 -32.9694 0.993652 0.75293
-58.1512 87.3241 43.1471 0.738281 0.788574
64.0102 97.9146 43.1471 0.284668 0.327393
64.0102 97.9146 -32.9694 0.284668 0.58252
69.0812 97.9146 43.1471 0.267822 0.327393
69.0812 97.9146 43.1471 0.738281 0.75293
69.0812 97.9146 -32.9694 0.993652 0.75293
69.0812 87.3241 43.1471 0.738281 0.788574
61.6738 98.0346 43.3808 0.371094 0.00544399
61.6738 98.0346 -32.8133 0.371094 0.715332
63.725 98.0346 43.3808 0.364258 0.00544399
63.725 98.0346 43.3808 0.691895 0.458984
63.725 98.0346 -32.8133 0.691895 0.714355
63.725 10.4908 43.3808 0.398193 0.458984
69.326 20.8612 43.1791 0.267822 0.00607699
69.326 20.8612 48.25 0.284668 0.00607699
-63.1312 20.8612 48.25 0.284668 0.58252
-63.1312 20.8612 43.1791 0.993652 0.75293
-63.1312 10.2707 43.1791 0.993652 0.788574
69.326 10.2707 43.1791 0.549316 0.788574
63.1648 10.1724 48.3256 0.993164 0.991699
63.1648 10.1724 -38.1751 0.703125 0.991699
63.1648 0 48.3256 0.993164 0.95752
63.1648 0 48.3256 0.213135 0.29248
63.1648 0 -38.1751 0.213135 0.58252
52.5743 0 48.3256 0.177612 0.29248
63.4442 20.0092 48.7331 0.110352 0.600586
63.4442 11.3186 47.925 0.174683 0.606445
63.4442 20.0092 47.925 0.110352 0.606445
69.0742 11.3186 42.8313 0.174683 0.607422
69.7717 11.3186 42.8313 0.174683 0.612305
69.7717 20.0092 42.8313 0.110352 0.612305
68.9861 21.3048 43.1009 0.994629 0.79834
68.9861 31.8953 43.1009 0.994629 0.833496
68.9861 76.5464 -33.3105 0.692383 0.79834
68.9861 76.5464 -33.3105 0.404297 0.899414
68.9861 87.1369 -33.3105 0.404297 0.935059
63.9151 76.5464 -33.3105 0.387207 0.899414
58.3805 87.1369 -33.2915 0.572266 0.833496
58.3805 76.5464 -33.2915 0.588379 0.79834
-52.4774 31.8953 -33.2915 0.994629 0.833496
58.3805 76.5464 -33.2915 0.404297 0.899414
58.3805 87.1369 -33.2915 0.404297 0.935059
58.3805 76.5464 -38.3625 0.387207 0.899414
58.3805 87.1369 47.9757 0.572266 0.833496
58.3805 76.5464 47.9757 0.588379 0.79834
-52.4774 31.8953 47.9757 0.994629 0.833496
58.3805 76.5464 47.9757 0.404297 0.899414
58.3805 87.1369 47.9757 0.404297 0.935059
58.3805 76.5464 42.9047 0.387207 0.899414
61.5383 11.0267 28.8281 0.273438 0.69873
61.5383 11.0267 40.5812 0.312988 0.69873
61.5383 98.3188 40.5812 0.312988 0.991699
61.5383 98.3188 40.5812 0.378174 0.76709
56.4673 98.3188 40.5812 0.361084 0.76709
56.4673 98.3188 28.8281 0.361084 0.727539
-63.2158 20.9624 -38.49 0.993652 0.75293
-52.6253 20.9624 -38.49 0.993652 0.788574
-52.6253 87.1838 -38.49 0.771484 0.788574
-52.6253 87.1838 -38.49 0.401855 0.762207
-52.6253 87.1838 -33.419 0.38501 0.762207
-63.2158 87.1838 -33.419 0.38501 0.726562
58.2588 20.9624 -38.49 0.993652 0.75293
68.8494 20.9624 -38.49 0.993652 0.788574
68.8494 87.1838 -38.49 0.771484 0.788574
58.2588 20.9624 -38.49 0.382568 0.80957
58.2588 20.9624 -33.419 0.365479 0.80957
68.8494 20.9624 -33.419 0.365479 0.774414
-56.3712 8.81325 43.3808 0.388428 0.00568801
-56.3712 8.81325 -32.8133 0.388428 0.715332
-56.3712 10.8645 43.3808 0.381592 0.00568801
-56.3469 10.4908 43.27 0.993652 0.71582
-56.3469 98.0346 43.27 0.700195 0.71582
61.529 98.0346 43.27 0.700195 0.320557
-56.3469 98.0346 41.2187 0.364258 0.715332
61.529 98.0346 41.2187 0.364258 0.00544399
-56.3469 98.0346 43.27 0.371094 0.715332
61.529 10.4908 41.2187 0.34668 0.69873
61.529 10.4908 43.27 0.353516 0.69873
61.529 98.0346 43.27 0.353516 0.992187
61.5383 98.3188 -19.2767 0.320557 0.993164
61.5383 11.0267 -19.2767 0.320557 0.592773
56.4673 98.3188 -19.2767 0.337646 0.993164
56.4673 98.3188 -31.0299 0.361084 0.727539
61.5383 98.3188 -31.0299 0.378174 0.727539
61.5383 98.3188 -19.2767 0.378174 0.76709
56.4673 11.0267 -31.0299 0.363281 0.94043
56.4673 11.0267 -19.2767 0.363281 0.900879
61.5383 11.0267 -31.0299 0.380371 0.94043
-58.4338 98.0346 43.3808 0.371094 0.00544399
-58.4338 98.0346 -32.8133 0.371094 0.715332
-56.3826 98.0346 43.3808 0.364258 0.00544399
-56.3826 98.0346 43.3808 0.34668 0.992187
-56.3826 10.4908 43.3808 0.34668 0.69873
-58.4338 98.0346 43.3808 0.353516 0.992187
-62.974 21.3048 43.0098 0.356445 0.58252
-57.903 21.3048 43.0098 0.339355 0.58252
-57.903 76.5464 -33.3075 0.339355 0.266846
-57.903 76.5464 -33.3075 0.404297 0.899414
-57.903 87.1369 -33.3075 0.404297 0.935059
-62.974 76.5464 -33.3075 0.387207 0.899414
-4.68845 97.9435 38.1367 0.080688 0.583008
5.90207 97.9435 38.1367 0.045166 0.583008
5.90207 97.9435 -27.7637 0.045166 0.362061
-4.68845 103.015 -27.7637 0.388672 0.767578
-4.68845 97.9435 -27.7637 0.405762 0.767578
5.90207 97.9435 -27.7637 0.405762 0.803223
69.326 98.2784 48.6761 0.405762 0.803223
69.326 103.349 48.6761 0.388672 0.803223
69.326 103.349 38.0856 0.388672 0.767578
-63.4512 97.9435 38.2014 0.080688 0.583008
-52.8607 97.9435 38.2014 0.045166 0.583008
-52.8607 97.9435 -27.8119 0.045166 0.361572
-63.4512 97.9435 -27.8119 0.405762 0.767578
-52.8607 97.9435 -27.8119 0.405762 0.803223
-63.4512 103.015 -27.8119 0.388672 0.767578
58.5635 98.2784 38.2014 0.080688 0.583008
69.1541 98.2784 38.2014 0.045166 0.583008
69.1541 98.2784 -27.9422 0.045166 0.361084
58.5635 103.349 -27.9422 0.388672 0.767578
58.5635 98.2784 -27.9422 0.405762 0.767578
69.1541 98.2784 -27.9422 0.405762 0.803223
-53.1736 99.4285 38.3407 0.235107 0.989746
-53.1736 99.4285 -28.2778 0.235107 0.696289
-53.1736 101.331 38.3407 0.242065 0.989746
69.0742 11.3186 47.925 0.108704 0.702148
69.3189 11.3186 48.7331 0.106934 0.708496
69.7717 11.3186 48.2803 0.103577 0.705078
-53.1736 101.331 -28.2778 0.700195 0.71582
45.2201 101.665 -28.2778 0.700195 0.282227
-53.1736 101.331 38.3407 0.993652 0.71582
58.974 99.7634 -28.2778 0.691895 0.220337
45.2201 99.7634 -28.2778 0.691895 0.281006
45.2201 99.7634 38.3407 0.398193 0.281006
-58.0506 88.4142 -38.8683 0.10376 0.762207
-63.1455 88.4142 -38.1706 0.108948 0.724609
-58.0506 88.4142 -38.1706 0.108948 0.762207
-63.9538 88.4142 -38.4153 0.107117 0.71875
-63.1455 88.4142 -38.1706 0.108948 0.724609
-63.5009 88.4142 -38.8683 0.10376 0.72168
69.326 98.2784 48.6761 0.409668 0.727051
52.9576 103.349 48.6761 0.480713 0.744141
69.326 103.349 48.6761 0.409668 0.744141
-63.9538 11.4267 -38.4153 0.174683 0.782227
-63.9538 20.1194 -38.4153 0.110352 0.782227
-63.9538 11.4267 -32.5392 0.174683 0.73877
-63.9538 20.1194 -38.4153 0.110352 0.782227
-63.5009 11.4267 -38.8683 0.174683 0.785645
-63.5009 20.1194 -38.8683 0.110352 0.785645
-63.7235 87.8358 42.6184 0.110352 0.613281
-63.7235 96.5264 42.6184 0.174683 0.613281
-63.7236 87.8358 48.4931 0.110352 0.656738
-63.2707 96.5264 48.946 0.174683 0.660156
-63.7236 87.8358 48.4931 0.110352 0.656738
-63.7236 96.5264 48.4931 0.174683 0.656738
69.0899 20.1194 -39.2225 0.110352 0.782227
63.2138 11.4267 -39.2225 0.174683 0.73877
69.0899 11.4267 -39.2225 0.174683 0.782227
69.5428 20.1194 -38.7695 0.110352 0.785645
69.0899 20.1194 -39.2225 0.110352 0.782227
69.5428 11.4267 -38.7695 0.174683 0.785645
69.0899 97.1069 -39.2225 0.110352 0.782227
63.2138 97.1069 -39.2225 0.110352 0.73877
63.2138 88.4142 -39.2225 0.174683 0.73877
69.0899 88.4142 -39.2225 0.174683 0.782227
69.5428 88.4142 -38.7695 0.174683 0.785645
69.0899 97.1069 -39.2225 0.110352 0.782227
52.9576 103.349 38.0856 0.925781 0.907715
-63.5968 103.015 38.0856 0.42041 0.907715
52.9576 98.2784 38.0856 0.925781 0.890625
69.326 103.349 38.0856 0.996582 0.907715
52.9576 98.2784 38.0856 0.925781 0.890625
69.326 98.2784 38.0856 0.996582 0.890625
51.0908 98.2784 -38.6557 0.080688 0.198486
-63.5968 97.9435 -38.6557 0.080688 0.583008
51.0908 98.2784 -28.0651 0.045166 0.198486
69.326 98.2784 -38.6557 0.080688 0.137329
51.0908 98.2784 -28.0651 0.045166 0.198486
69.326 98.2784 -28.0651 0.045166 0.137329
69.5428 11.4267 -33.3193 0.10376 0.762207
68.8452 11.4267 -38.4141 0.108948 0.724609
68.8452 11.4267 -33.3193 0.108948 0.762207
69.0899 11.4267 -39.2225 0.107117 0.71875
68.8452 11.4267 -38.4141 0.108948 0.724609
69.5428 11.4267 -38.7695 0.10376 0.72168
69.0899 88.4142 -39.2225 0.107117 0.71875
68.8452 88.4142 -38.4141 0.108948 0.724609
69.5428 88.4142 -38.7695 0.10376 0.72168
63.2138 88.4142 -38.4141 0.150635 0.724609
68.8452 88.4142 -38.4141 0.108948 0.724609
63.2138 88.4142 -39.2225 0.150635 0.71875
-63.1455 20.1194 -38.1706 0.108704 0.827637
-63.9538 20.1194 -38.4153 0.106934 0.833984
-63.5009 20.1194 -38.8683 0.103577 0.830566
-62.9154 11.3186 42.6184 0.150391 0.702148
-63.7235 11.3186 42.6184 0.150391 0.708496
-62.9154 11.3186 48.2485 0.108704 0.702148
-62.9154 87.8358 48.2485 0.108704 0.702148
-63.7236 87.8358 48.4931 0.106934 0.708496
-63.2707 87.8358 48.946 0.103577 0.705078
-58.0506 88.4142 -38.1706 0.110352 0.73291
-58.0506 97.1069 -38.1706 0.174683 0.73291
-58.0506 88.4142 -38.8683 0.110352 0.738281
-58.0506 97.1069 -38.8683 0.174683 0.738281
-58.0506 88.4142 -38.8683 0.110352 0.738281
-58.0506 97.1069 -38.1706 0.174683 0.73291
-63.9538 88.4142 -38.4153 0.107117 0.71875
-63.9538 88.4142 -32.5392 0.150635 0.71875
-63.1455 88.4142 -38.1706 0.108948 0.724609
-46.1549 0 48.3256 0.213135 0.29248
-46.1549 0 -38.1751 0.213135 0.58252
-56.7454 0 48.3256 0.177612 0.29248
-46.1549 10.1724 -38.1751 0.364014 0.893555
-56.7454 10.1724 -38.1751 0.364014 0.85791
-46.1549 0 -38.1751 0.397949 0.893555
63.2138 11.4267 -38.4141 0.110352 0.731934
63.2138 11.4267 -39.2225 0.110352 0.726074
63.2138 20.1194 -38.4141 0.174683 0.731934
58.2588 20.9624 43.1791 0.993652 0.75293
68.8494 20.9624 43.1791 0.993652 0.788574
68.8494 87.1838 43.1791 0.771484 0.788574
-56.2636 10.4908 -31.2773 0.993652 0.71582
-56.2636 98.0346 -31.2773 0.700195 0.71582
61.5997 98.0346 -31.2773 0.700195 0.320557
-63.2222 10.2707 43.1471 0.38501 0.762207
-63.2222 20.8612 43.1471 0.38501 0.726562
-58.1512 10.2707 43.1471 0.401855 0.762207
68.8494 87.1838 -38.49 0.401855 0.762207
68.8494 87.1838 -33.419 0.38501 0.762207
58.2588 87.1838 -33.419 0.38501 0.726562
61.529 10.4908 43.27 0.993652 0.320557
-56.3469 10.4908 43.27 0.993652 0.71582
61.529 98.0346 43.27 0.700195 0.320557
-57.8217 11.3186 48.2485 0.174683 0.607422
-57.8217 11.3186 48.946 0.174683 0.612305
-57.8217 20.0092 48.946 0.110352 0.612305
-58.0506 97.1069 -38.1706 0.108704 0.790039
-63.1455 97.1069 -38.1706 0.108704 0.827637
-58.0506 97.1069 -38.8683 0.103577 0.790039
-63.5009 97.1069 -38.8683 0.103577 0.830566
-58.0506 97.1069 -38.8683 0.103577 0.790039
-63.1455 97.1069 -38.1706 0.108704 0.827637
63.2138 20.1194 -39.2225 0.174683 0.726074
63.2138 20.1194 -38.4141 0.174683 0.731934
63.2138 11.4267 -39.2225 0.110352 0.726074
68.8452 20.1194 -33.3193 0.174683 0.73291
69.5428 20.1194 -33.3193 0.174683 0.738281
69.5428 11.4267 -33.3193 0.110352 0.738281
69.326 10.2707 -38.3088 0.418701 0.841797
-63.5968 10.2707 -38.3088 0.995117 0.841797
69.326 10.2707 -33.2379 0.418701 0.858887
61.5997 98.0346 -33.3285 0.34668 0.992187
61.5997 10.4908 -33.3285 0.34668 0.69873
61.5997 98.0346 -31.2773 0.353516 0.992187
-2.95319 0 -38.1751 0.993164 0.95752
-2.95319 10.1724 -38.1751 0.993164 0.991699
-2.95319 10.1724 48.3256 0.703125 0.991699
63.7239 10.8645 -32.8133 0.700195 0.71582
63.7239 10.8645 43.3808 0.700195 0.529297
-56.3712 10.8645 -32.8133 0.993652 0.71582
-56.3469 10.4908 41.2187 0.235107 0.989746
-56.3469 98.0346 41.2187 0.235107 0.696289
-56.3469 10.4908 43.27 0.242065 0.989746
69.0899 97.1069 -39.2225 0.110352 0.782227
63.2138 88.4142 -39.2225 0.174683 0.73877
69.0899 88.4142 -39.2225 0.174683 0.782227
69.5428 97.1069 -38.7695 0.110352 0.785645
69.0899 97.1069 -39.2225 0.110352 0.782227
69.5428 88.4142 -38.7695 0.174683 0.785645
69.5428 11.4267 -38.7695 0.10376 0.72168
68.8452 11.4267 -38.4141 0.108948 0.724609
69.5428 11.4267 -33.3193 0.10376 0.762207
69.0899 11.4267 -39.2225 0.107117 0.71875
63.2138 11.4267 -39.2225 0.150635 0.71875
68.8452 11.4267 -38.4141 0.108948 0.724609
69.0899 88.4142 -39.2225 0.107117 0.71875
63.2138 88.4142 -39.2225 0.150635 0.71875
68.8452 88.4142 -38.4141 0.108948 0.724609
-57.8217 96.5264 48.2485 0.108948 0.636719
-57.8217 96.5264 48.946 0.10376 0.636719
-62.9154 96.5264 48.2485 0.108948 0.599121
