-151.861 204.811 1.88595 0.010971 0.594727
-151.861 5.94203 1.88595 0.774902 0.595215
-0.063705 5.94203 1.88595 0.774902 0.014732
-303.658 204.811 1.88595 0.011063 0.01461
-303.658 5.94203 1.88595 0.774902 0.014732
-151.861 204.811 1.88595 0.010971 0.594727
-1.86095 0.127324 -1.62545 0.867676 0.995117
-1.86095 3.62865 -1.62731 0.853516 0.995117
-1.86095 0.127324 1.59025 0.867676 0.981934
-1.86095 0.127324 1.59025 0.867676 0.981934
-1.86095 3.63067 1.59399 0.853516 0.982422
-1.73363 0.127324 1.86103 0.867676 0.980957
-1.73363 0.127324 1.86103 0.867676 0.980957
-1.73692 3.7152 1.86103 0.853516 0.980957
1.73378 0.127324 1.86103 0.867676 0.966797
1.73378 0.127324 1.86103 0.867676 0.966797
1.73964 5.4969 1.86103 0.846191 0.966797
1.8611 0.127324 1.59025 0.867676 0.96582
1.8611 5.49692 1.5905 0.846191 0.96582
1.8611 0.127324 1.59025 0.867676 0.96582
1.73964 5.4969 1.86103 0.846191 0.966797
1.73964 5.4969 1.86103 0.846191 0.966797
-1.64598 7.27788 1.86103 0.838867 0.980469
1.64894 205.041 1.86103 0.045929 0.967773
1.64894 205.041 1.86103 0.045929 0.967773
-1.64598 7.27788 1.86103 0.838867 0.980469
-1.64598 203.495 1.86103 0.052124 0.980957
-1.86095 203.414 1.60048 0.05246 0.982422
-1.64598 203.495 1.86103 0.052124 0.980957
-1.86095 7.36441 1.60042 0.838379 0.981934
-1.86082 7.36239 -1.63593 0.838379 0.995117
-1.86095 203.414 -1.63411 0.052429 0.995117
-1.86095 7.36441 1.60042 0.838379 0.981934
1.64894 205.041 1.86103 0.045929 0.967773
-1.64598 206.588 1.86103 0.039703 0.980957
1.64333 211.117 1.86103 0.021591 0.967285
-1.64598 206.588 1.86103 0.039703 0.980957
-1.86095 206.669 1.59218 0.039337 0.982422
-1.64305 211.117 1.86103 0.02153 0.980469
-1.86095 211.117 1.59025 0.021515 0.982422
-1.86095 206.669 1.59218 0.039337 0.982422
-1.86095 211.117 -1.62545 0.021454 0.995117
1.64894 205.041 1.86103 0.045929 0.967773
1.64333 211.117 1.86103 0.021591 0.967285
1.8611 205.041 1.59048 0.045959 0.96582
1.8611 211.117 1.59025 0.021591 0.96582
1.8611 205.041 1.59048 0.045959 0.96582
1.64333 211.117 1.86103 0.021591 0.967285
1.8611 205.041 -1.62568 0.046051 0.953125
1.8611 205.041 1.59048 0.045959 0.96582
1.8611 211.117 -1.62545 0.021683 0.953125
1.8611 211.117 -1.62545 0.021683 0.953125
1.64333 211.117 -1.86103 0.021637 0.951172
1.8611 205.041 -1.62568 0.046051 0.953125
1.8611 5.49692 -1.6257 0.846191 0.952637
1.8611 0.127324 -1.62545 0.867676 0.952637
1.8611 5.49692 1.5905 0.846191 0.96582
1.64894 205.041 -1.86103 0.046082 0.95166
1.8611 205.041 -1.62568 0.046051 0.953125
1.64333 211.117 -1.86103 0.021637 0.951172
1.8611 5.49692 -1.6257 0.846191 0.952637
1.64894 205.041 -1.86103 0.046082 0.95166
1.73952 5.4969 -1.86103 0.846191 0.95166
1.73952 5.4969 -1.86103 0.846191 0.95166
1.64894 205.041 -1.86103 0.046082 0.95166
-1.64598 7.27788 -1.86103 0.838867 0.937988
1.73952 5.4969 -1.86103 0.846191 0.95166
-1.73692 3.7152 -1.86103 0.853027 0.9375
1.73378 0.127324 -1.86103 0.867676 0.95166
-1.64598 7.27788 -1.86103 0.838867 0.937988
-1.64598 203.495 -1.86103 0.052277 0.938477
-1.86082 7.36239 -1.63593 0.838379 0.936523
-1.64598 203.495 -1.86103 0.052277 0.938477
1.64894 205.041 -1.86103 0.046082 0.95166
-1.64598 206.588 -1.86103 0.039917 0.938477
-1.73692 3.7152 -1.86103 0.853027 0.9375
-1.73363 0.127324 -1.86103 0.867676 0.9375
1.73378 0.127324 -1.86103 0.867676 0.95166
-1.86095 0.127324 -1.62545 0.867676 0.936523
-1.73363 0.127324 -1.86103 0.867676 0.9375
-1.86095 3.62865 -1.62731 0.853516 0.936523
-1.86095 0.127324 -1.62545 0.868652 0.937012
-1.73363 -0 -1.62545 0.868652 0.9375
-1.73363 0.127324 -1.86103 0.867676 0.9375
1.73378 0.127324 -1.86103 0.867676 0.95166
1.73378 -0 -1.62544 0.868652 0.95166
1.8611 0.127324 -1.62545 0.868652 0.952148
-1.73363 -0 -1.62545 0.868652 0.9375
-1.86095 0.127324 -1.62545 0.868652 0.937012
-1.73363 0 1.59025 0.881348 0.9375
-1.73363 0 1.59025 0.881348 0.9375
-1.86095 0.127324 -1.62545 0.868652 0.937012
-1.86095 0.127324 1.59025 0.881348 0.937012
1.8611 0.127324 1.59025 0.881348 0.952148
1.73378 -0 -1.62544 0.868652 0.95166
1.73378 0 1.59025 0.881348 0.951172
-1.73363 0.127324 1.86103 0.882813 0.9375
1.73378 0 1.59025 0.881348 0.951172
-1.73363 0 1.59025 0.881348 0.9375
1.73378 0 1.59025 0.881348 0.951172
-1.73363 0.127324 1.86103 0.882813 0.9375
1.73378 0.127324 1.86103 0.882813 0.95166
-1.86095 211.117 -1.62545 0.02179 0.937012
-1.86107 206.667 -1.6293 0.039612 0.937012
-1.64305 211.117 -1.86103 0.021744 0.937988
-1.64305 211.117 -1.86103 0.021744 0.937988
1.64333 211.117 -1.86103 0.021637 0.951172
-1.64305 211.245 -1.62545 0.02066 0.937988
-1.64305 211.117 -1.86103 0.021744 0.937988
-1.64305 211.245 -1.62545 0.02066 0.937988
-1.86095 211.117 -1.62545 0.020706 0.937012
1.8611 211.117 -1.62545 0.020584 0.952148
1.64333 211.245 -1.62545 0.020569 0.951172
1.64333 211.117 -1.86103 0.021637 0.951172
-1.64305 211.245 -1.62545 0.02066 0.937988
1.64333 211.245 -1.62545 0.020569 0.951172
-1.64305 211.245 1.59025 0.007828 0.937988
-1.86095 211.117 1.59025 0.007809 0.937012
-1.64305 211.245 1.59025 0.007828 0.937988
-1.64305 211.117 1.86103 0.006565 0.937988
1.64333 211.245 -1.62545 0.020569 0.951172
1.8611 211.117 -1.62545 0.020584 0.952148
1.64333 211.245 1.59025 0.007721 0.951172
1.64333 211.245 1.59025 0.007721 0.951172
1.64333 211.117 1.86103 0.006454 0.951172
-1.64305 211.245 1.59025 0.007828 0.937988
1.64333 211.117 1.86103 0.006454 0.951172
1.64333 211.245 1.59025 0.007721 0.951172
1.8611 211.117 1.59025 0.007671 0.952148
-301.985 3.7152 1.86103 0.853027 0.882812
-301.861 3.63067 1.59399 0.853516 0.881348
-301.988 0.127324 1.86103 0.867188 0.882812
-305.456 0.127324 1.86103 0.867188 0.896484
-305.583 0.127324 1.59025 0.867188 0.897949
-305.461 5.4969 1.86103 0.845703 0.896484
-305.583 5.49692 1.5905 0.845703 0.897949
-305.461 5.4969 1.86103 0.845703 0.896484
-305.583 0.127324 1.59025 0.867188 0.897949
-302.098 7.27788 1.86103 0.838867 0.883301
-305.461 5.4969 1.86103 0.845703 0.896484
-305.349 205.041 1.86103 0.046051 0.895996
-301.861 203.414 1.60048 0.052582 0.881348
-301.861 7.36441 1.60042 0.838379 0.881348
-302.098 203.495 1.86103 0.052246 0.883301
-301.861 203.414 1.60048 0.052582 0.881348
-301.861 203.414 -1.63411 0.052582 0.868652
-301.861 7.36441 1.60042 0.838379 0.881348
-302.098 206.588 1.86103 0.039856 0.883301
-305.349 205.041 1.86103 0.046051 0.895996
-305.343 211.117 1.86103 0.021698 0.895996
-301.861 211.117 1.59025 0.021698 0.881348
-301.861 211.117 -1.62545 0.021683 0.868652
-301.861 206.669 1.59218 0.03952 0.881348
-305.583 205.041 1.59048 0.046051 0.897949
-305.349 205.041 1.86103 0.046051 0.895996
-305.583 5.49692 1.5905 0.845703 0.897949
-305.583 5.49692 -1.6257 0.845703 0.910645
-305.583 0.127324 -1.62545 0.867188 0.910645
-305.461 5.4969 -1.86103 0.845703 0.912109
-301.985 3.7152 -1.86103 0.853027 0.925781
-305.461 5.4969 -1.86103 0.845703 0.912109
-305.456 0.127324 -1.86103 0.867188 0.912109
-302.098 203.495 -1.86103 0.052246 0.925293
-305.349 205.041 -1.86103 0.046051 0.912598
-302.098 7.27788 -1.86103 0.838867 0.925293
-301.988 -0 -1.62545 0.868652 0.925781
-301.861 0.127324 -1.62545 0.868652 0.926758
-301.988 0.127324 -1.86103 0.867188 0.925781
-301.988 0.127324 1.86103 0.882813 0.92627
-301.861 0.127324 1.59025 0.881348 0.926758
-301.988 0 1.59025 0.881348 0.925781
-301.861 211.117 -1.62545 0.021683 0.926758
-302.101 211.117 -1.86103 0.021652 0.925293
-301.861 206.667 -1.6293 0.03952 0.926758
-305.343 211.245 -1.62545 0.020569 0.912598
-305.583 211.117 -1.62545 0.020615 0.911133
-305.343 211.117 -1.86103 0.021652 0.912598
-302.101 211.245 1.59025 0.007721 0.925293
-301.861 211.117 -1.62545 0.020599 0.926758
-301.861 211.117 1.59025 0.007683 0.926758
-150.188 3.75363 1.59051 0.012215 0.797852
-153.534 3.75364 1.59053 0.02124 0.797852
-150.188 4.04616 1.86103 0.010948 0.799805
-150.188 4.04616 1.86103 0.010948 0.799805
-153.534 4.0462 1.86103 0.021072 0.799805
-150.188 6.94358 1.86103 0.007412 0.811523
-153.534 6.94358 1.86103 0.019409 0.811035
-150.188 6.94358 1.86103 0.007412 0.811523
-153.534 4.0462 1.86103 0.021072 0.799805
-301.772 4.04985 1.86103 0.615234 0.800293
-153.534 4.0462 1.86103 0.021072 0.799805
-301.736 3.75396 1.59244 0.615234 0.79834
-153.534 4.0462 1.86103 0.021072 0.799805
-301.772 4.04985 1.86103 0.615234 0.800293
-153.534 6.94358 1.86103 0.019409 0.811035
-301.772 6.94286 1.86103 0.616211 0.811523
-153.534 6.94358 1.86103 0.019409 0.811035
-301.772 4.04985 1.86103 0.615234 0.800293
-153.534 6.94358 1.86103 0.019409 0.811035
-301.772 6.94286 1.86103 0.616211 0.811523
-153.621 7.23865 1.60042 0.019562 0.812988
-301.738 7.2391 1.60295 0.616211 0.813477
-153.621 7.23865 1.60042 0.019562 0.812988
-301.772 6.94286 1.86103 0.616211 0.811523
-301.738 7.2391 1.60295 0.616211 0.813477
-301.736 7.2391 -1.63438 0.616211 0.82666
-153.621 7.23865 1.60042 0.019562 0.812988
-301.861 7.36239 -1.63593 0.616699 0.82666
-301.736 7.2391 -1.63438 0.616211 0.82666
-301.861 7.36441 1.60042 0.616699 0.813965
-301.772 6.94286 -1.86103 0.616211 0.828613
-153.619 7.23865 -1.63593 0.020142 0.826172
-301.736 7.2391 -1.63438 0.616211 0.82666
-301.736 7.2391 -1.63438 0.616211 0.82666
-302.098 7.27788 -1.86103 0.617676 0.827637
-301.772 6.94286 -1.86103 0.616211 0.828613
-301.772 6.94286 -1.86103 0.616211 0.828613
-302.098 7.27788 -1.86103 0.617676 0.827637
-301.772 4.04985 -1.86103 0.615723 0.840332
-301.985 3.7152 -1.86103 0.616699 0.841309
-301.772 4.04985 -1.86103 0.615723 0.840332
-302.098 7.27788 -1.86103 0.617676 0.827637
-153.534 6.94358 -1.86103 0.020203 0.827637
-153.534 4.04615 -1.86103 0.022003 0.839355
-150.188 6.94358 -1.86103 0.00827 0.828125
-150.188 4.04611 -1.86103 0.011841 0.839355
-153.534 4.04615 -1.86103 0.022003 0.839355
-150.188 3.75363 -1.6257 0.013268 0.841309
-301.738 3.75396 -1.62982 0.615723 0.842285
-153.534 4.04615 -1.86103 0.022003 0.839355
-301.772 4.04985 -1.86103 0.615723 0.840332
-153.534 3.75364 -1.62575 0.022415 0.841309
-150.188 3.75363 -1.6257 0.013268 0.841309
-153.534 4.04615 -1.86103 0.022003 0.839355
-150.188 3.75363 1.59051 0.013008 0.854004
-150.188 3.75363 -1.6257 0.013268 0.841309
-153.534 3.75364 1.59053 0.021957 0.854004
-153.534 3.75364 1.59053 0.021957 0.854004
-153.534 3.75364 -1.62575 0.022415 0.841309
-301.736 3.75396 1.59244 0.614746 0.85498
-301.738 3.75396 -1.62982 0.615723 0.842285
-301.861 3.62865 -1.62731 0.616211 0.842285
-301.736 3.75396 1.59244 0.614746 0.85498
-153.54 206.543 -2.07943 7.8e-05 0.67334
-150.194 206.543 -2.07447 0.013687 0.67334
-153.528 206.543 1.1428 0.00016 0.686523
-153.528 206.543 1.1428 0.00016 0.686523
-150.194 206.543 1.14773 0.013725 0.686523
-153.528 206.336 1.37383 0.000165 0.687988
-150.194 206.336 1.36835 0.013725 0.687988
-153.528 206.336 1.37383 0.000165 0.687988
-150.194 206.543 1.14773 0.013725 0.686523
-150.194 203.745 1.36835 0.013725 0.698242
-153.528 203.745 1.36835 0.000172 0.698242
-150.194 206.336 1.36835 0.013725 0.687988
-150.194 206.336 1.36835 0.013725 0.687988
-150.194 206.543 1.14773 0.013725 0.686523
-1.98363 206.543 1.59463 0.616699 0.686035
-1.98363 206.543 1.59463 0.616699 0.686035
-1.98595 206.543 -1.62764 0.616699 0.67334
-1.86095 206.669 1.59218 0.617188 0.686035
-1.98363 206.543 1.59463 0.616699 0.686035
-1.94945 206.336 1.86103 0.616699 0.687988
-150.194 206.336 1.36835 0.013725 0.687988
-1.64598 206.588 1.86103 0.618164 0.687012
-1.64598 203.495 1.86103 0.618164 0.699219
-1.94945 206.336 1.86103 0.616699 0.687988
-1.94945 203.746 1.86103 0.616699 0.698242
-1.94945 206.336 1.86103 0.616699 0.687988
-1.64598 203.495 1.86103 0.618164 0.699219
-1.64598 203.495 1.86103 0.618164 0.699219
-1.86095 203.414 1.60048 0.617188 0.700195
-1.94945 203.746 1.86103 0.616699 0.698242
-150.194 203.745 1.36835 0.013725 0.698242
-1.94945 203.746 1.86103 0.616699 0.698242
-150.103 203.539 1.1431 0.014107 0.699707
-1.98582 203.539 1.60075 0.616699 0.700195
-150.103 203.539 1.1431 0.014107 0.699707
-1.94945 203.746 1.86103 0.616699 0.698242
-1.98363 203.539 -1.63658 0.616699 0.713379
-150.103 203.539 1.1431 0.014107 0.699707
-1.98582 203.539 1.60075 0.616699 0.700195
-150.103 203.539 1.1431 0.014107 0.699707
-1.98363 203.539 -1.63658 0.616699 0.713379
-150.101 203.539 -2.09303 0.014069 0.712891
-1.94957 203.746 -1.86103 0.616699 0.714844
-150.101 203.539 -2.09303 0.014069 0.712891
-1.98363 203.539 -1.63658 0.616699 0.713379
-150.101 203.539 -2.09303 0.014069 0.712891
-1.94957 203.746 -1.86103 0.616699 0.714844
-150.194 203.745 -2.35371 0.01368 0.714355
-1.94957 206.336 -1.86103 0.616699 0.725098
-1.64598 203.495 -1.86103 0.618164 0.713867
-1.64598 206.588 -1.86103 0.618164 0.726074
-1.94957 206.336 -1.86103 0.616699 0.725098
-150.194 206.336 -2.35371 0.01368 0.725098
-1.94957 203.746 -1.86103 0.616699 0.714844
-1.98595 206.543 -1.62764 0.616699 0.726562
-1.94957 206.336 -1.86103 0.616699 0.725098
-1.64598 206.588 -1.86103 0.618164 0.726074
-1.94945 4.04985 1.86103 0.006123 0.733887
-1.98582 3.75396 1.59244 0.006283 0.731934
-150.188 4.04616 1.86103 0.622559 0.733398
-1.94945 6.94286 1.86103 0.006115 0.745605
-1.64598 7.27788 1.86103 0.004829 0.74707
-1.94945 4.04985 1.86103 0.006123 0.733887
-1.98363 7.2391 1.60295 0.006203 0.747559
-1.98582 7.2391 -1.63438 0.006214 0.76123
-1.86095 7.36441 1.60042 0.005596 0.748047
-1.64598 7.27788 -1.86103 0.004833 0.761719
-1.86082 7.36239 -1.63593 0.0056 0.76123
-1.98582 7.2391 -1.63438 0.006214 0.76123
-1.98582 7.2391 -1.63438 0.006214 0.76123
-150.103 7.23865 -1.63593 0.622559 0.76123
-1.94945 6.94286 -1.86103 0.006115 0.763184
-150.188 6.94358 -1.86103 0.622559 0.763184
-1.94945 6.94286 -1.86103 0.006115 0.763184
-150.103 7.23865 -1.63593 0.622559 0.76123
-1.94945 6.94286 -1.86103 0.006115 0.763184
-150.188 6.94358 -1.86103 0.622559 0.763184
-1.94945 4.04985 -1.86103 0.006111 0.774902
-1.98363 3.75396 -1.62982 0.006214 0.776855
-150.188 3.75363 -1.6257 0.622559 0.776855
-1.98582 3.75396 1.59244 0.006271 0.790527
-150.188 3.75363 1.59051 0.622559 0.790527
-1.98582 3.75396 1.59244 0.006271 0.790527
-150.188 3.75363 -1.6257 0.622559 0.776855
-301.772 206.336 -1.86103 0.00452 0.665527
-301.772 203.746 -1.86103 0.003918 0.655273
-153.54 206.336 -2.34819 0.599609 0.666016
-153.528 203.745 -2.35371 0.599121 0.655762
-153.54 206.336 -2.34819 0.599609 0.666016
-301.772 203.746 -1.86103 0.003918 0.655273
-301.772 203.746 -1.86103 0.003918 0.655273
-302.098 203.495 -1.86103 0.002508 0.654297
-301.738 203.539 -1.63658 0.00396 0.653809
-153.621 203.539 -2.09303 0.599121 0.654297
-301.738 203.539 -1.63658 0.00396 0.653809
-153.619 203.539 1.1431 0.598145 0.641113
-301.772 203.746 1.86103 0.003645 0.63916
-302.098 203.495 1.86103 0.0023 0.639648
-301.772 206.336 1.86103 0.003862 0.628418
-301.738 206.543 1.59463 0.0042 0.626953
-301.772 206.336 1.86103 0.003862 0.628418
-301.861 206.669 1.59218 0.003498 0.626465
-153.528 206.336 1.37383 0.598633 0.629395
-301.738 206.543 1.59463 0.0042 0.626953
-153.528 206.543 1.1428 0.598145 0.62793
-153.496 7.36125 1.60295 0.949219 0.924805
-153.621 7.23865 1.60042 0.949219 0.925781
-153.496 7.36361 -1.63438 0.936523 0.923828
-153.534 6.94358 1.86103 0.950195 0.926758
-153.621 7.23865 1.60042 0.949219 0.925781
-153.283 7.32724 1.86103 0.951172 0.925293
-153.496 7.36125 1.60295 0.949219 0.924805
-153.496 7.36361 -1.63438 0.936523 0.923828
-153.496 203.414 1.1417 0.949219 0.136963
-153.496 7.36125 1.60295 0.949219 0.924805
-153.496 203.414 1.1417 0.949219 0.136963
-153.283 7.32724 1.86103 0.951172 0.925293
-153.496 203.417 -2.09563 0.936523 0.137817
-153.621 203.539 -2.09303 0.936523 0.137695
-153.496 203.414 1.1417 0.949219 0.136963
-150.439 7.32724 1.86103 0.962402 0.925781
-150.188 6.94358 1.86103 0.963379 0.927246
-153.283 7.32724 1.86103 0.951172 0.925293
-153.283 7.32724 1.86103 0.951172 0.925293
-153.283 203.451 1.36835 0.951172 0.136597
-150.439 7.32724 1.86103 0.962402 0.925781
-150.439 203.451 1.36835 0.962402 0.136353
-153.528 203.745 1.36835 0.950195 0.135376
-150.194 203.745 1.36835 0.963379 0.135132
-150.439 203.451 1.36835 0.962402 0.136353
-150.226 203.414 1.1417 0.963867 0.136353
-150.439 7.32724 1.86103 0.962402 0.925781
-150.226 203.417 -2.09563 0.977051 0.136475
-150.101 203.539 -2.09303 0.976563 0.135864
-150.439 203.451 -2.35371 0.978516 0.136475
-150.194 203.745 -2.35371 0.977539 0.135132
-150.439 203.451 -2.35371 0.978516 0.136475
-150.101 203.539 -2.09303 0.976563 0.135864
-150.439 203.451 -2.35371 0.978516 0.136475
-153.283 203.451 -2.35371 0.989746 0.137085
-150.439 7.32724 -1.86103 0.978516 0.925293
-153.283 7.32724 -1.86103 0.989746 0.924805
-153.283 203.451 -2.35371 0.989746 0.137085
-153.496 7.36361 -1.63438 0.991211 0.924316
-153.496 7.36361 -1.63438 0.991211 0.924316
-153.619 7.23865 -1.63593 0.991699 0.924805
-153.283 7.32724 -1.86103 0.989746 0.924805
-0.063705 204.811 1.88595 0.011063 0.01461
-151.861 204.811 1.88595 0.010971 0.594727
-0.063705 5.94203 1.88595 0.774902 0.014732
-151.861 5.94203 1.88595 0.774902 0.595215
-151.861 204.811 1.88595 0.010971 0.594727
-303.658 5.94203 1.88595 0.774902 0.014732
-1.86095 0.127324 1.59025 0.867676 0.981934
-1.86095 3.62865 -1.62731 0.853516 0.995117
-1.86095 3.63067 1.59399 0.853516 0.982422
-1.73692 3.7152 1.86103 0.853516 0.980957
-1.73363 0.127324 1.86103 0.867676 0.980957
-1.86095 3.63067 1.59399 0.853516 0.982422
1.73964 5.4969 1.86103 0.846191 0.966797
1.73378 0.127324 1.86103 0.867676 0.966797
-1.73692 3.7152 1.86103 0.853516 0.980957
-1.64598 7.27788 1.86103 0.838867 0.980469
1.73964 5.4969 1.86103 0.846191 0.966797
-1.73692 3.7152 1.86103 0.853516 0.980957
1.8611 0.127324 1.59025 0.867676 0.96582
1.8611 5.49692 1.5905 0.846191 0.96582
1.8611 0.127324 -1.62545 0.867676 0.952637
1.73964 5.4969 1.86103 0.846191 0.966797
1.64894 205.041 1.86103 0.045929 0.967773
1.8611 5.49692 1.5905 0.846191 0.96582
-1.64598 7.27788 1.86103 0.838867 0.980469
-1.86095 7.36441 1.60042 0.838379 0.981934
-1.64598 203.495 1.86103 0.052124 0.980957
-1.86095 203.414 1.60048 0.05246 0.982422
-1.86095 7.36441 1.60042 0.838379 0.981934
-1.86095 203.414 -1.63411 0.052429 0.995117
-1.64598 203.495 1.86103 0.052124 0.980957
-1.64598 206.588 1.86103 0.039703 0.980957
1.64894 205.041 1.86103 0.045929 0.967773
-1.64598 206.588 1.86103 0.039703 0.980957
-1.64305 211.117 1.86103 0.02153 0.980469
1.64333 211.117 1.86103 0.021591 0.967285
-1.86095 211.117 1.59025 0.021515 0.982422
-1.64305 211.117 1.86103 0.02153 0.980469
-1.86095 206.669 1.59218 0.039337 0.982422
-1.86107 206.667 -1.6293 0.039276 0.995117
-1.86095 211.117 -1.62545 0.021454 0.995117
-1.86095 206.669 1.59218 0.039337 0.982422
1.8611 205.041 1.59048 0.045959 0.96582
1.8611 5.49692 1.5905 0.846191 0.96582
1.64894 205.041 1.86103 0.045929 0.967773
1.8611 211.117 1.59025 0.021591 0.96582
1.8611 211.117 -1.62545 0.021683 0.953125
1.8611 205.041 1.59048 0.045959 0.96582
1.8611 205.041 1.59048 0.045959 0.96582
1.8611 205.041 -1.62568 0.046051 0.953125
1.8611 5.49692 1.5905 0.846191 0.96582
1.8611 5.49692 -1.6257 0.846191 0.952637
1.8611 5.49692 1.5905 0.846191 0.96582
1.8611 205.041 -1.62568 0.046051 0.953125
1.64894 205.041 -1.86103 0.046082 0.95166
1.8611 5.49692 -1.6257 0.846191 0.952637
1.8611 205.041 -1.62568 0.046051 0.953125
1.73952 5.4969 -1.86103 0.846191 0.95166
1.8611 0.127324 -1.62545 0.867676 0.952637
1.8611 5.49692 -1.6257 0.846191 0.952637
1.8611 0.127324 -1.62545 0.867676 0.952637
1.73952 5.4969 -1.86103 0.846191 0.95166
1.73378 0.127324 -1.86103 0.867676 0.95166
1.73952 5.4969 -1.86103 0.846191 0.95166
-1.64598 7.27788 -1.86103 0.838867 0.937988
-1.73692 3.7152 -1.86103 0.853027 0.9375
-1.64598 203.495 -1.86103 0.052277 0.938477
-1.64598 7.27788 -1.86103 0.838867 0.937988
1.64894 205.041 -1.86103 0.046082 0.95166
-1.86095 203.414 -1.63411 0.052612 0.937012
-1.86082 7.36239 -1.63593 0.838379 0.936523
-1.64598 203.495 -1.86103 0.052277 0.938477
1.64894 205.041 -1.86103 0.046082 0.95166
1.64333 211.117 -1.86103 0.021637 0.951172
-1.64598 206.588 -1.86103 0.039917 0.938477
-1.73692 3.7152 -1.86103 0.853027 0.9375
-1.86095 3.62865 -1.62731 0.853516 0.936523
-1.73363 0.127324 -1.86103 0.867676 0.9375
-1.73363 -0 -1.62545 0.868652 0.9375
1.73378 0.127324 -1.86103 0.867676 0.95166
-1.73363 0.127324 -1.86103 0.867676 0.9375
1.73378 0.127324 -1.86103 0.867676 0.95166
-1.73363 -0 -1.62545 0.868652 0.9375
1.73378 -0 -1.62544 0.868652 0.95166
1.8611 0.127324 -1.62545 0.868652 0.952148
1.73378 -0 -1.62544 0.868652 0.95166
1.8611 0.127324 1.59025 0.881348 0.952148
-1.73363 -0 -1.62545 0.868652 0.9375
-1.73363 0 1.59025 0.881348 0.9375
1.73378 -0 -1.62544 0.868652 0.95166
-1.86095 0.127324 1.59025 0.881348 0.937012
-1.73363 0.127324 1.86103 0.882813 0.9375
-1.73363 0 1.59025 0.881348 0.9375
1.73378 0 1.59025 0.881348 0.951172
1.73378 -0 -1.62544 0.868652 0.95166
-1.73363 0 1.59025 0.881348 0.9375
1.73378 0 1.59025 0.881348 0.951172
1.73378 0.127324 1.86103 0.882813 0.95166
1.8611 0.127324 1.59025 0.881348 0.952148
-1.64598 206.588 -1.86103 0.039917 0.938477
-1.64305 211.117 -1.86103 0.021744 0.937988
-1.86107 206.667 -1.6293 0.039612 0.937012
-1.64305 211.117 -1.86103 0.021744 0.937988
-1.64598 206.588 -1.86103 0.039917 0.938477
1.64333 211.117 -1.86103 0.021637 0.951172
1.64333 211.245 -1.62545 0.020569 0.951172
-1.64305 211.245 -1.62545 0.02066 0.937988
1.64333 211.117 -1.86103 0.021637 0.951172
-1.64305 211.245 -1.62545 0.02066 0.937988
-1.64305 211.245 1.59025 0.007828 0.937988
-1.86095 211.117 -1.62545 0.020706 0.937012
1.64333 211.245 1.59025 0.007721 0.951172
-1.64305 211.245 1.59025 0.007828 0.937988
1.64333 211.245 -1.62545 0.020569 0.951172
1.64333 211.245 1.59025 0.007721 0.951172
1.8611 211.117 -1.62545 0.020584 0.952148
1.8611 211.117 1.59025 0.007671 0.952148
-301.861 0.127324 -1.62545 0.867188 0.868652
-301.861 0.127324 1.59025 0.867188 0.881348
-301.861 3.62865 -1.62731 0.853516 0.868652
-301.861 3.63067 1.59399 0.853516 0.881348
-301.861 3.62865 -1.62731 0.853516 0.868652
-301.861 0.127324 1.59025 0.867188 0.881348
-301.861 0.127324 1.59025 0.867188 0.881348
-301.988 0.127324 1.86103 0.867188 0.882812
-301.861 3.63067 1.59399 0.853516 0.881348
-305.583 0.127324 1.59025 0.867188 0.897949
-305.583 0.127324 -1.62545 0.867188 0.910645
-305.583 5.49692 1.5905 0.845703 0.897949
-305.461 5.4969 1.86103 0.845703 0.896484
-305.583 5.49692 1.5905 0.845703 0.897949
-305.349 205.041 1.86103 0.046051 0.895996
-302.098 206.588 1.86103 0.039856 0.883301
-302.098 203.495 1.86103 0.052246 0.883301
-305.349 205.041 1.86103 0.046051 0.895996
-302.101 211.117 1.86103 0.021698 0.883301
-302.098 206.588 1.86103 0.039856 0.883301
-305.343 211.117 1.86103 0.021698 0.895996
-301.861 206.667 -1.6293 0.03952 0.868652
-301.861 206.669 1.59218 0.03952 0.881348
-301.861 211.117 -1.62545 0.021683 0.868652
-305.583 211.117 1.59025 0.021698 0.897949
-305.343 211.117 1.86103 0.021698 0.895996
-305.583 205.041 1.59048 0.046051 0.897949
-305.349 205.041 -1.86103 0.046051 0.912598
-305.583 205.041 -1.62568 0.046051 0.910645
-305.583 5.49692 -1.6257 0.845703 0.910645
-305.461 5.4969 -1.86103 0.845703 0.912109
-305.349 205.041 -1.86103 0.046051 0.912598
-305.583 5.49692 -1.6257 0.845703 0.910645
-302.098 7.27788 -1.86103 0.838867 0.925293
-305.461 5.4969 -1.86103 0.845703 0.912109
-301.985 3.7152 -1.86103 0.853027 0.925781
-305.349 205.041 -1.86103 0.046051 0.912598
-302.098 206.588 -1.86103 0.039856 0.925293
-305.343 211.117 -1.86103 0.021652 0.912598
-301.861 0.127324 -1.62545 0.868652 0.926758
-301.988 -0 -1.62545 0.868652 0.925781
-301.861 0.127324 1.59025 0.881348 0.926758
-305.456 -0 -1.62544 0.868652 0.912109
-305.456 0.127324 -1.86103 0.867188 0.912109
-305.583 0.127324 -1.62545 0.868652 0.911621
-301.988 -0 -1.62545 0.868652 0.925781
-305.456 -0 -1.62544 0.868652 0.912109
-301.988 0 1.59025 0.881348 0.925781
-305.583 0.127324 -1.62545 0.868652 0.911621
-305.583 0.127324 1.59025 0.881348 0.911621
-305.456 -0 -1.62544 0.868652 0.912109
-302.101 211.117 -1.86103 0.021652 0.925293
-302.101 211.245 -1.62545 0.020569 0.925293
-305.343 211.117 -1.86103 0.021652 0.912598
-302.101 211.245 -1.62545 0.020569 0.925293
-302.101 211.117 -1.86103 0.021652 0.925293
-301.861 211.117 -1.62545 0.020599 0.926758
-305.343 211.245 1.59025 0.00774 0.912598
-305.583 211.117 1.59025 0.00771 0.911133
-305.343 211.245 -1.62545 0.020569 0.912598
-305.343 211.245 1.59025 0.00774 0.912598
-302.101 211.245 1.59025 0.007721 0.925293
-305.343 211.117 1.86103 0.006477 0.912598
-153.534 4.0462 1.86103 0.021072 0.799805
-150.188 4.04616 1.86103 0.010948 0.799805
-153.534 3.75364 1.59053 0.02124 0.797852
-153.534 3.75364 1.59053 0.02124 0.797852
-301.736 3.75396 1.59244 0.615234 0.79834
-153.534 4.0462 1.86103 0.021072 0.799805
-301.736 3.75396 1.59244 0.615234 0.79834
-301.861 3.63067 1.59399 0.615723 0.797852
-301.985 3.7152 1.86103 0.616211 0.798828
-301.985 3.7152 1.86103 0.616211 0.798828
-301.772 4.04985 1.86103 0.615234 0.800293
-301.736 3.75396 1.59244 0.615234 0.79834
-301.985 3.7152 1.86103 0.616211 0.798828
-302.098 7.27788 1.86103 0.617676 0.812988
-301.772 4.04985 1.86103 0.615234 0.800293
-301.772 6.94286 1.86103 0.616211 0.811523
-301.772 4.04985 1.86103 0.615234 0.800293
-302.098 7.27788 1.86103 0.617676 0.812988
-301.772 6.94286 1.86103 0.616211 0.811523
-302.098 7.27788 1.86103 0.617676 0.812988
-301.738 7.2391 1.60295 0.616211 0.813477
-301.861 7.36441 1.60042 0.616699 0.813965
-301.738 7.2391 1.60295 0.616211 0.813477
-302.098 7.27788 1.86103 0.617676 0.812988
-301.738 7.2391 1.60295 0.616211 0.813477
-301.861 7.36441 1.60042 0.616699 0.813965
-301.736 7.2391 -1.63438 0.616211 0.82666
-153.619 7.23865 -1.63593 0.020142 0.826172
-153.621 7.23865 1.60042 0.019562 0.812988
-301.736 7.2391 -1.63438 0.616211 0.82666
-301.861 7.36239 -1.63593 0.616699 0.82666
-302.098 7.27788 -1.86103 0.617676 0.827637
-301.736 7.2391 -1.63438 0.616211 0.82666
-153.619 7.23865 -1.63593 0.020142 0.826172
-301.772 6.94286 -1.86103 0.616211 0.828613
-153.534 6.94358 -1.86103 0.020203 0.827637
-301.772 4.04985 -1.86103 0.615723 0.840332
-153.534 6.94358 -1.86103 0.020203 0.827637
-301.772 6.94286 -1.86103 0.616211 0.828613
-153.534 6.94358 -1.86103 0.020203 0.827637
-301.772 4.04985 -1.86103 0.615723 0.840332
-153.534 4.04615 -1.86103 0.022003 0.839355
-150.188 4.04611 -1.86103 0.011841 0.839355
-150.188 6.94358 -1.86103 0.00827 0.828125
-153.534 4.04615 -1.86103 0.022003 0.839355
-301.738 3.75396 -1.62982 0.615723 0.842285
-301.772 4.04985 -1.86103 0.615723 0.840332
-301.985 3.7152 -1.86103 0.616699 0.841309
-301.738 3.75396 -1.62982 0.615723 0.842285
-301.985 3.7152 -1.86103 0.616699 0.841309
-301.861 3.62865 -1.62731 0.616211 0.842285
-153.534 4.04615 -1.86103 0.022003 0.839355
-301.738 3.75396 -1.62982 0.615723 0.842285
-153.534 3.75364 -1.62575 0.022415 0.841309
-153.534 3.75364 -1.62575 0.022415 0.841309
-153.534 3.75364 1.59053 0.021957 0.854004
-150.188 3.75363 -1.6257 0.013268 0.841309
-301.738 3.75396 -1.62982 0.615723 0.842285
-301.736 3.75396 1.59244 0.614746 0.85498
-153.534 3.75364 -1.62575 0.022415 0.841309
-301.736 3.75396 1.59244 0.614746 0.85498
-301.861 3.62865 -1.62731 0.616211 0.842285
-301.861 3.63067 1.59399 0.615234 0.85498
-153.528 206.543 1.1428 0.00016 0.686523
-150.194 206.543 -2.07447 0.013687 0.67334
-150.194 206.543 1.14773 0.013725 0.686523
-150.194 206.543 -2.07447 0.013687 0.67334
-1.98595 206.543 -1.62764 0.616699 0.67334
-150.194 206.543 1.14773 0.013725 0.686523
-153.528 203.745 1.36835 0.000172 0.698242
-153.528 206.336 1.37383 0.000165 0.687988
-150.194 206.336 1.36835 0.013725 0.687988
-1.98363 206.543 1.59463 0.616699 0.686035
-150.194 206.543 1.14773 0.013725 0.686523
-1.98595 206.543 -1.62764 0.616699 0.67334
-1.86107 206.667 -1.6293 0.617188 0.672852
-1.86095 206.669 1.59218 0.617188 0.686035
-1.98595 206.543 -1.62764 0.616699 0.67334
-1.98363 206.543 1.59463 0.616699 0.686035
-1.86095 206.669 1.59218 0.617188 0.686035
-1.94945 206.336 1.86103 0.616699 0.687988
-1.64598 206.588 1.86103 0.618164 0.687012
-1.94945 206.336 1.86103 0.616699 0.687988
-1.86095 206.669 1.59218 0.617188 0.686035
-1.94945 203.746 1.86103 0.616699 0.698242
-150.194 206.336 1.36835 0.013725 0.687988
-1.94945 206.336 1.86103 0.616699 0.687988
-150.194 206.336 1.36835 0.013725 0.687988
-1.94945 203.746 1.86103 0.616699 0.698242
-150.194 203.745 1.36835 0.013725 0.698242
-1.98582 203.539 1.60075 0.616699 0.700195
-1.94945 203.746 1.86103 0.616699 0.698242
-1.86095 203.414 1.60048 0.617188 0.700195
-1.98363 203.539 -1.63658 0.616699 0.713379
-1.98582 203.539 1.60075 0.616699 0.700195
-1.86095 203.414 -1.63411 0.617188 0.712891
-1.98363 203.539 -1.63658 0.616699 0.713379
-1.86095 203.414 -1.63411 0.617188 0.712891
-1.64598 203.495 -1.86103 0.618164 0.713867
-1.98363 203.539 -1.63658 0.616699 0.713379
-1.64598 203.495 -1.86103 0.618164 0.713867
-1.94957 203.746 -1.86103 0.616699 0.714844
-1.94957 203.746 -1.86103 0.616699 0.714844
-1.64598 203.495 -1.86103 0.618164 0.713867
-1.94957 206.336 -1.86103 0.616699 0.725098
-150.194 203.745 -2.35371 0.01368 0.714355
-150.194 206.336 -2.35371 0.01368 0.725098
-153.528 203.745 -2.35371 0.000117 0.714355
-153.54 206.336 -2.34819 6.7e-05 0.725098
-153.528 203.745 -2.35371 0.000117 0.714355
-150.194 206.336 -2.35371 0.01368 0.725098
-150.194 206.543 -2.07447 0.01368 0.726562
-153.54 206.543 -2.07943 7.3e-05 0.726562
-150.194 206.336 -2.35371 0.01368 0.725098
-150.188 3.75363 1.59051 0.622559 0.731934
-150.188 4.04616 1.86103 0.622559 0.733398
-1.98582 3.75396 1.59244 0.006283 0.731934
-1.86095 3.63067 1.59399 0.005814 0.731445
-1.98582 3.75396 1.59244 0.006283 0.731934
-1.73692 3.7152 1.86103 0.00523 0.732422
-150.188 4.04616 1.86103 0.622559 0.733398
-150.188 6.94358 1.86103 0.622559 0.745605
-1.94945 4.04985 1.86103 0.006123 0.733887
-1.73692 3.7152 1.86103 0.00523 0.732422
-1.94945 4.04985 1.86103 0.006123 0.733887
-1.64598 7.27788 1.86103 0.004829 0.74707
-150.101 7.23865 1.60042 0.622559 0.747559
-1.94945 6.94286 1.86103 0.006115 0.745605
-150.188 6.94358 1.86103 0.622559 0.745605
-1.98363 7.2391 1.60295 0.006203 0.747559
-1.86095 7.36441 1.60042 0.005596 0.748047
-1.64598 7.27788 1.86103 0.004829 0.74707
-1.86082 7.36239 -1.63593 0.0056 0.76123
-1.86095 7.36441 1.60042 0.005596 0.748047
-1.98582 7.2391 -1.63438 0.006214 0.76123
-1.98582 7.2391 -1.63438 0.006214 0.76123
-1.94945 6.94286 -1.86103 0.006115 0.763184
-1.64598 7.27788 -1.86103 0.004833 0.761719
-1.94945 6.94286 -1.86103 0.006115 0.763184
-1.94945 4.04985 -1.86103 0.006111 0.774902
-1.64598 7.27788 -1.86103 0.004833 0.761719
-150.188 4.04611 -1.86103 0.622559 0.774902
-1.94945 4.04985 -1.86103 0.006111 0.774902
-150.188 6.94358 -1.86103 0.622559 0.763184
-150.188 3.75363 -1.6257 0.622559 0.776855
-1.98363 3.75396 -1.62982 0.006214 0.776855
-150.188 4.04611 -1.86103 0.622559 0.774902
-153.54 206.543 -2.07943 0.599609 0.66748
-301.736 206.543 -1.62764 0.004776 0.666504
-153.54 206.336 -2.34819 0.599609 0.666016
-301.738 203.539 -1.63658 0.00396 0.653809
-301.736 203.539 1.60075 0.003696 0.640625
-153.619 203.539 1.1431 0.598145 0.641113
-301.772 206.336 1.86103 0.003862 0.628418
-153.528 206.336 1.37383 0.598633 0.629395
-301.772 203.746 1.86103 0.003645 0.63916
-302.098 206.588 1.86103 0.002529 0.627441
-301.861 206.669 1.59218 0.003498 0.626465
-301.772 206.336 1.86103 0.003862 0.628418
-301.861 206.669 1.59218 0.003498 0.626465
-301.736 206.543 -1.62764 0.005764 0.614258
-301.738 206.543 1.59463 0.0042 0.626953
-153.54 206.543 -2.07943 0.599121 0.614746
-153.528 206.543 1.1428 0.598145 0.62793
-301.736 206.543 -1.62764 0.005764 0.614258
-153.496 7.36125 1.60295 0.949219 0.924805
-153.283 7.32724 1.86103 0.951172 0.925293
-153.621 7.23865 1.60042 0.949219 0.925781
-153.534 6.94358 1.86103 0.950195 0.926758
-153.283 7.32724 1.86103 0.951172 0.925293
-150.188 6.94358 1.86103 0.963379 0.927246
-153.496 203.417 -2.09563 0.936523 0.137817
-153.496 203.414 1.1417 0.949219 0.136963
-153.496 7.36361 -1.63438 0.936523 0.923828
-153.619 203.539 1.1431 0.949219 0.13623
-153.528 203.745 1.36835 0.950195 0.135376
-153.496 203.414 1.1417 0.949219 0.136963
-150.188 6.94358 1.86103 0.963379 0.927246
-150.439 7.32724 1.86103 0.962402 0.925781
-150.101 7.23865 1.60042 0.964355 0.92627
-153.283 203.451 1.36835 0.951172 0.136597
-153.528 203.745 1.36835 0.950195 0.135376
-150.439 203.451 1.36835 0.962402 0.136353
-150.103 203.539 1.1431 0.963867 0.135742
-150.101 203.539 -2.09303 0.976563 0.135864
-150.226 203.414 1.1417 0.963867 0.136353
-150.226 7.36125 1.60295 0.963867 0.925293
-150.226 203.414 1.1417 0.963867 0.136353
-150.226 7.36361 -1.63438 0.977051 0.925293
-150.226 203.417 -2.09563 0.977051 0.136475
-150.226 7.36361 -1.63438 0.977051 0.925293
-150.226 203.414 1.1417 0.963867 0.136353
-150.194 203.745 -2.35371 0.977539 0.135132
-153.528 203.745 -2.35371 0.990723 0.136108
-150.439 203.451 -2.35371 0.978516 0.136475
-150.226 7.36361 -1.63438 0.977051 0.925293
-150.439 7.32724 -1.86103 0.978516 0.925293
-150.103 7.23865 -1.63593 0.977051 0.925781
-150.188 6.94358 -1.86103 0.977539 0.926758
-150.103 7.23865 -1.63593 0.977051 0.925781
-150.439 7.32724 -1.86103 0.978516 0.925293
-153.283 203.451 -2.35371 0.989746 0.137085
-153.496 203.417 -2.09563 0.991211 0.137329
-153.496 7.36361 -1.63438 0.991211 0.924316
-153.283 7.32724 -1.86103 0.989746 0.924805
-150.439 7.32724 -1.86103 0.978516 0.925293
-153.283 203.451 -2.35371 0.989746 0.137085
-153.534 6.94358 -1.86103 0.991211 0.92627
-153.283 7.32724 -1.86103 0.989746 0.924805
-153.619 7.23865 -1.63593 0.991699 0.924805
-0.063705 5.94203 1.88595 0.774902 0.014732
-151.861 204.811 1.88595 0.010971 0.594727
-0.063705 204.811 1.88595 0.011063 0.01461
-151.861 204.811 1.88595 0.010971 0.594727
-303.658 5.94203 1.88595 0.774902 0.014732
-303.658 204.811 1.88595 0.011063 0.01461
-1.86095 211.117 1.59025 0.007809 0.937012
-1.86095 211.117 -1.62545 0.020706 0.937012
-1.64305 211.245 1.59025 0.007828 0.937988
-1.64305 211.117 1.86103 0.006565 0.937988
-1.64305 211.245 1.59025 0.007828 0.937988
1.64333 211.117 1.86103 0.006454 0.951172
-301.988 0.127324 1.86103 0.867188 0.882812
-305.456 0.127324 1.86103 0.867188 0.896484
-301.985 3.7152 1.86103 0.853027 0.882812
-305.461 5.4969 1.86103 0.845703 0.896484
-302.098 7.27788 1.86103 0.838867 0.883301
-301.985 3.7152 1.86103 0.853027 0.882812
-302.098 203.495 1.86103 0.052246 0.883301
-302.098 7.27788 1.86103 0.838867 0.883301
-305.349 205.041 1.86103 0.046051 0.895996
-301.861 7.36441 1.60042 0.838379 0.881348
-302.098 7.27788 1.86103 0.838867 0.883301
-302.098 203.495 1.86103 0.052246 0.883301
-301.861 7.36239 -1.63593 0.838379 0.868652
-301.861 7.36441 1.60042 0.838379 0.881348
-301.861 203.414 -1.63411 0.052582 0.868652
-301.861 206.669 1.59218 0.03952 0.881348
-302.098 206.588 1.86103 0.039856 0.883301
-302.101 211.117 1.86103 0.021698 0.883301
-301.861 211.117 1.59025 0.021698 0.881348
-301.861 206.669 1.59218 0.03952 0.881348
-302.101 211.117 1.86103 0.021698 0.883301
-305.349 205.041 1.86103 0.046051 0.895996
-305.583 205.041 1.59048 0.046051 0.897949
-305.343 211.117 1.86103 0.021698 0.895996
-305.583 211.117 1.59025 0.021698 0.897949
-305.583 205.041 1.59048 0.046051 0.897949
-305.583 211.117 -1.62545 0.021698 0.910645
-305.583 205.041 -1.62568 0.046051 0.910645
-305.583 211.117 -1.62545 0.021698 0.910645
-305.583 205.041 1.59048 0.046051 0.897949
-305.583 5.49692 -1.6257 0.845703 0.910645
-305.583 5.49692 1.5905 0.845703 0.897949
-305.583 0.127324 -1.62545 0.867188 0.910645
-305.343 211.117 -1.86103 0.021652 0.912598
-305.583 211.117 -1.62545 0.021698 0.910645
-305.349 205.041 -1.86103 0.046051 0.912598
-305.456 0.127324 -1.86103 0.867188 0.912109
-305.461 5.4969 -1.86103 0.845703 0.912109
-305.583 0.127324 -1.62545 0.867188 0.910645
-302.098 7.27788 -1.86103 0.838867 0.925293
-301.861 7.36239 -1.63593 0.838379 0.926758
-302.098 203.495 -1.86103 0.052246 0.925293
-301.861 203.414 -1.63411 0.052582 0.926758
-302.098 203.495 -1.86103 0.052246 0.925293
-301.861 7.36239 -1.63593 0.838379 0.926758
-301.988 0.127324 -1.86103 0.867188 0.925781
-301.985 3.7152 -1.86103 0.853027 0.925781
-305.456 0.127324 -1.86103 0.867188 0.912109
-301.861 3.62865 -1.62731 0.853516 0.926758
-301.985 3.7152 -1.86103 0.853027 0.925781
-301.988 0.127324 -1.86103 0.867188 0.925781
-301.988 0.127324 -1.86103 0.867188 0.925781
-305.456 0.127324 -1.86103 0.867188 0.912109
-301.988 -0 -1.62545 0.868652 0.925781
-305.456 0.127324 -1.86103 0.867188 0.912109
-305.456 -0 -1.62544 0.868652 0.912109
-301.988 -0 -1.62545 0.868652 0.925781
-301.861 0.127324 1.59025 0.881348 0.926758
-301.988 -0 -1.62545 0.868652 0.925781
-301.988 0 1.59025 0.881348 0.925781
-301.988 0 1.59025 0.881348 0.925781
-305.456 0 1.59025 0.881348 0.912109
-301.988 0.127324 1.86103 0.882813 0.92627
-301.988 0 1.59025 0.881348 0.925781
-305.456 -0 -1.62544 0.868652 0.912109
-305.456 0 1.59025 0.881348 0.912109
-305.456 0 1.59025 0.881348 0.912109
-305.456 -0 -1.62544 0.868652 0.912109
-305.583 0.127324 1.59025 0.881348 0.911621
-305.456 0 1.59025 0.881348 0.912109
-305.456 0.127324 1.86103 0.882813 0.912109
-301.988 0.127324 1.86103 0.882813 0.92627
-305.456 0.127324 1.86103 0.882813 0.912109
-305.456 0 1.59025 0.881348 0.912109
-305.583 0.127324 1.59025 0.881348 0.911621
-302.101 211.117 -1.86103 0.021652 0.925293
-305.343 211.117 -1.86103 0.021652 0.912598
-302.098 206.588 -1.86103 0.039856 0.925293
-302.098 206.588 -1.86103 0.039856 0.925293
-301.861 206.667 -1.6293 0.03952 0.926758
-302.101 211.117 -1.86103 0.021652 0.925293
-305.343 211.245 -1.62545 0.020569 0.912598
-305.343 211.117 -1.86103 0.021652 0.912598
-302.101 211.245 -1.62545 0.020569 0.925293
-305.583 211.117 -1.62545 0.020615 0.911133
-305.343 211.245 -1.62545 0.020569 0.912598
-305.583 211.117 1.59025 0.00771 0.911133
-302.101 211.245 -1.62545 0.020569 0.925293
-301.861 211.117 -1.62545 0.020599 0.926758
-302.101 211.245 1.59025 0.007721 0.925293
-302.101 211.245 1.59025 0.007721 0.925293
-301.861 211.117 1.59025 0.007683 0.926758
-302.101 211.117 1.86103 0.006454 0.925293
-302.101 211.245 1.59025 0.007721 0.925293
-302.101 211.117 1.86103 0.006454 0.925293
-305.343 211.117 1.86103 0.006477 0.912598
-305.343 211.245 1.59025 0.00774 0.912598
-305.343 211.117 1.86103 0.006477 0.912598
-305.583 211.117 1.59025 0.00771 0.911133
-305.343 211.245 1.59025 0.00774 0.912598
-305.343 211.245 -1.62545 0.020569 0.912598
-302.101 211.245 1.59025 0.007721 0.925293
-1.86095 203.414 1.60048 0.617188 0.700195
-1.86095 203.414 -1.63411 0.617188 0.712891
-1.98582 203.539 1.60075 0.616699 0.700195
-150.194 203.745 -2.35371 0.01368 0.714355
-1.94957 203.746 -1.86103 0.616699 0.714844
-150.194 206.336 -2.35371 0.01368 0.725098
-153.54 206.336 -2.34819 6.7e-05 0.725098
-150.194 206.336 -2.35371 0.01368 0.725098
-153.54 206.543 -2.07943 7.3e-05 0.726562
-150.194 206.336 -2.35371 0.01368 0.725098
-1.98595 206.543 -1.62764 0.616699 0.726562
-150.194 206.543 -2.07447 0.01368 0.726562
-1.86107 206.667 -1.6293 0.617188 0.727051
-1.98595 206.543 -1.62764 0.616699 0.726562
-1.64598 206.588 -1.86103 0.618164 0.726074
-1.73692 3.7152 1.86103 0.00523 0.732422
-1.98582 3.75396 1.59244 0.006283 0.731934
-1.94945 4.04985 1.86103 0.006123 0.733887
-1.94945 6.94286 1.86103 0.006115 0.745605
-1.94945 4.04985 1.86103 0.006123 0.733887
-150.188 6.94358 1.86103 0.622559 0.745605
-1.98363 7.2391 1.60295 0.006203 0.747559
-1.64598 7.27788 1.86103 0.004829 0.74707
-1.94945 6.94286 1.86103 0.006115 0.745605
-1.98363 7.2391 1.60295 0.006203 0.747559
-150.101 7.23865 1.60042 0.622559 0.747559
-1.98582 7.2391 -1.63438 0.006214 0.76123
-150.103 7.23865 -1.63593 0.622559 0.76123
-1.98582 7.2391 -1.63438 0.006214 0.76123
-150.101 7.23865 1.60042 0.622559 0.747559
-1.73692 3.7152 -1.86103 0.00523 0.776367
-1.64598 7.27788 -1.86103 0.004833 0.761719
-1.94945 4.04985 -1.86103 0.006111 0.774902
-1.94945 4.04985 -1.86103 0.006111 0.774902
-1.98363 3.75396 -1.62982 0.006214 0.776855
-1.73692 3.7152 -1.86103 0.00523 0.776367
-1.94945 4.04985 -1.86103 0.006111 0.774902
-150.188 4.04611 -1.86103 0.622559 0.774902
-1.98363 3.75396 -1.62982 0.006214 0.776855
-1.98363 3.75396 -1.62982 0.006214 0.776855
-1.98582 3.75396 1.59244 0.006271 0.790527
-1.86095 3.62865 -1.62731 0.005573 0.777344
-1.86095 3.63067 1.59399 0.005543 0.790527
-1.86095 3.62865 -1.62731 0.005573 0.777344
-1.98582 3.75396 1.59244 0.006271 0.790527
-301.861 206.667 -1.6293 0.004379 0.66748
-302.098 206.588 -1.86103 0.003309 0.666504
-301.736 206.543 -1.62764 0.004776 0.666504
-301.736 206.543 -1.62764 0.004776 0.666504
-302.098 206.588 -1.86103 0.003309 0.666504
-301.772 206.336 -1.86103 0.00452 0.665527
-301.772 206.336 -1.86103 0.00452 0.665527
-153.54 206.336 -2.34819 0.599609 0.666016
-301.736 206.543 -1.62764 0.004776 0.666504
-302.098 203.495 -1.86103 0.002508 0.654297
-301.772 203.746 -1.86103 0.003918 0.655273
-301.772 206.336 -1.86103 0.00452 0.665527
-153.621 203.539 -2.09303 0.599121 0.654297
-153.528 203.745 -2.35371 0.599121 0.655762
-301.772 203.746 -1.86103 0.003918 0.655273
-301.772 203.746 -1.86103 0.003918 0.655273
-301.738 203.539 -1.63658 0.00396 0.653809
-153.621 203.539 -2.09303 0.599121 0.654297
-301.861 203.414 -1.63411 0.003342 0.65332
-301.738 203.539 -1.63658 0.00396 0.653809
-302.098 203.495 -1.86103 0.002508 0.654297
-301.738 203.539 -1.63658 0.00396 0.653809
-301.861 203.414 -1.63411 0.003342 0.65332
-301.736 203.539 1.60075 0.003696 0.640625
-301.861 203.414 1.60048 0.003138 0.640625
-301.736 203.539 1.60075 0.003696 0.640625
-301.861 203.414 -1.63411 0.003342 0.65332
-301.736 203.539 1.60075 0.003696 0.640625
-301.772 203.746 1.86103 0.003645 0.63916
-153.619 203.539 1.1431 0.598145 0.641113
-301.736 203.539 1.60075 0.003696 0.640625
-301.861 203.414 1.60048 0.003138 0.640625
-301.772 203.746 1.86103 0.003645 0.63916
-153.528 203.745 1.36835 0.598633 0.639648
-153.619 203.539 1.1431 0.598145 0.641113
-301.772 203.746 1.86103 0.003645 0.63916
-302.098 203.495 1.86103 0.0023 0.639648
-301.772 203.746 1.86103 0.003645 0.63916
-301.861 203.414 1.60048 0.003138 0.640625
-153.528 203.745 1.36835 0.598633 0.639648
-301.772 203.746 1.86103 0.003645 0.63916
-153.528 206.336 1.37383 0.598633 0.629395
-302.098 206.588 1.86103 0.002529 0.627441
-301.772 206.336 1.86103 0.003862 0.628418
-302.098 203.495 1.86103 0.0023 0.639648
-301.738 206.543 1.59463 0.0042 0.626953
-153.528 206.336 1.37383 0.598633 0.629395
-301.772 206.336 1.86103 0.003862 0.628418
-301.738 206.543 1.59463 0.0042 0.626953
-301.736 206.543 -1.62764 0.005764 0.614258
-153.528 206.543 1.1428 0.598145 0.62793
-153.619 7.23865 -1.63593 0.936523 0.924316
-153.496 7.36361 -1.63438 0.936523 0.923828
-153.621 7.23865 1.60042 0.949219 0.925781
-153.619 203.539 1.1431 0.949219 0.13623
-153.496 203.414 1.1417 0.949219 0.136963
-153.621 203.539 -2.09303 0.936523 0.137695
-153.496 203.414 1.1417 0.949219 0.136963
-153.283 203.451 1.36835 0.951172 0.136597
-153.283 7.32724 1.86103 0.951172 0.925293
-153.283 203.451 1.36835 0.951172 0.136597
-153.496 203.414 1.1417 0.949219 0.136963
-153.528 203.745 1.36835 0.950195 0.135376
-150.439 203.451 1.36835 0.962402 0.136353
-150.439 7.32724 1.86103 0.962402 0.925781
-153.283 203.451 1.36835 0.951172 0.136597
-150.226 7.36125 1.60295 0.963867 0.925293
-150.101 7.23865 1.60042 0.964355 0.92627
-150.439 7.32724 1.86103 0.962402 0.925781
-150.226 203.414 1.1417 0.963867 0.136353
-150.439 203.451 1.36835 0.962402 0.136353
-150.194 203.745 1.36835 0.963379 0.135132
-150.226 7.36125 1.60295 0.963867 0.925293
-150.439 7.32724 1.86103 0.962402 0.925781
-150.226 203.414 1.1417 0.963867 0.136353
-150.103 7.23865 -1.63593 0.977051 0.925781
-150.101 7.23865 1.60042 0.964355 0.92627
-150.226 7.36361 -1.63438 0.977051 0.925293
-150.226 203.417 -2.09563 0.977051 0.136475
-150.226 203.414 1.1417 0.963867 0.136353
-150.101 203.539 -2.09303 0.976563 0.135864
-150.226 203.417 -2.09563 0.977051 0.136475
-150.439 203.451 -2.35371 0.978516 0.136475
-150.226 7.36361 -1.63438 0.977051 0.925293
-153.528 203.745 -2.35371 0.990723 0.136108
-153.283 203.451 -2.35371 0.989746 0.137085
-150.439 203.451 -2.35371 0.978516 0.136475
-153.528 203.745 -2.35371 0.990723 0.136108
-153.621 203.539 -2.09303 0.991699 0.136963
-153.283 203.451 -2.35371 0.989746 0.137085
-153.496 203.417 -2.09563 0.991211 0.137329
-153.283 203.451 -2.35371 0.989746 0.137085
-153.621 203.539 -2.09303 0.991699 0.136963
-150.439 7.32724 -1.86103 0.978516 0.925293
-153.283 7.32724 -1.86103 0.989746 0.924805
-150.188 6.94358 -1.86103 0.977539 0.926758
-153.283 7.32724 -1.86103 0.989746 0.924805
-153.534 6.94358 -1.86103 0.991211 0.92627
-150.188 6.94358 -1.86103 0.977539 0.926758
-0.063705 5.94203 1.88595 0.774902 0.014732
-151.861 5.94203 1.88595 0.774902 0.595215
-151.861 204.811 1.88595 0.010971 0.594727
-305.461 5.4969 1.86103 0.845703 0.896484
-301.985 3.7152 1.86103 0.853027 0.882812
-305.456 0.127324 1.86103 0.867188 0.896484
-305.583 205.041 1.59048 0.046051 0.897949
-305.583 5.49692 1.5905 0.845703 0.897949
-305.583 205.041 -1.62568 0.046051 0.910645
-305.583 5.49692 -1.6257 0.845703 0.910645
-305.583 205.041 -1.62568 0.046051 0.910645
-305.583 5.49692 1.5905 0.845703 0.897949
-305.583 205.041 -1.62568 0.046051 0.910645
-305.349 205.041 -1.86103 0.046051 0.912598
-305.583 211.117 -1.62545 0.021698 0.910645
-305.461 5.4969 -1.86103 0.845703 0.912109
-302.098 7.27788 -1.86103 0.838867 0.925293
-305.349 205.041 -1.86103 0.046051 0.912598
-305.349 205.041 -1.86103 0.046051 0.912598
-302.098 203.495 -1.86103 0.052246 0.925293
-302.098 206.588 -1.86103 0.039856 0.925293
-301.988 0.127324 -1.86103 0.867188 0.925781
-301.861 0.127324 -1.62545 0.867188 0.926758
-301.861 3.62865 -1.62731 0.853516 0.926758
-302.101 211.245 -1.62545 0.020569 0.925293
-302.101 211.245 1.59025 0.007721 0.925293
-305.343 211.245 -1.62545 0.020569 0.912598
-1.98595 206.543 -1.62764 0.616699 0.726562
-150.194 206.336 -2.35371 0.01368 0.725098
-1.94957 206.336 -1.86103 0.616699 0.725098
-1.94945 6.94286 1.86103 0.006115 0.745605
-150.101 7.23865 1.60042 0.622559 0.747559
-1.98363 7.2391 1.60295 0.006203 0.747559
-1.86095 3.62865 -1.62731 0.005573 0.777344
-1.73692 3.7152 -1.86103 0.00523 0.776367
-1.98363 3.75396 -1.62982 0.006214 0.776855
-301.772 206.336 -1.86103 0.00452 0.665527
-302.098 206.588 -1.86103 0.003309 0.666504
-302.098 203.495 -1.86103 0.002508 0.654297
-301.861 206.667 -1.6293 0.005322 0.61377
-301.736 206.543 -1.62764 0.005764 0.614258
-301.861 206.669 1.59218 0.003498 0.626465
-150.103 203.539 1.1431 0.963867 0.135742
-150.226 203.414 1.1417 0.963867 0.136353
-150.194 203.745 1.36835 0.963379 0.135132
-150.226 7.36125 1.60295 0.963867 0.925293
-150.226 7.36361 -1.63438 0.977051 0.925293
-150.101 7.23865 1.60042 0.964355 0.92627
-150.439 7.32724 -1.86103 0.978516 0.925293
-150.226 7.36361 -1.63438 0.977051 0.925293
-150.439 203.451 -2.35371 0.978516 0.136475
-151.861 5.94203 1.88595 0.774902 0.595215
-303.658 5.94203 1.88595 0.774902 0.014732
-151.861 204.811 1.88595 0.010971 0.594727
