-100 0 -1250 14.3332 1.76545 0.0361346 0.999347 -0
-376 1.3371 447 -13.3358 6.26755 0.0361346 0.999347 -0
-100 0 447 -13.3342 1.75592 0.0361346 0.999347 -0
-100 0 -1250 14.3332 1.76545 0.0361346 0.999347 -0
-376 1.3371 -1250 14.3317 6.27709 0.0361346 0.999347 -0
-376 1.3371 447 -13.3358 6.26755 0.0361346 0.999347 -0
506 0 447 -13.3308 -8.12416 0 1 -0
-100 0 -1250 14.3332 1.76545 0.0361346 0.999347 -0
-100 0 447 -13.3342 1.75592 0.0361346 0.999347 -0
506 0 447 -13.3308 -8.12416 0 1 -0
506 0 -1250 14.3366 -8.11462 0 1 -0
-100 0 -1250 14.3332 1.76545 0.0361346 0.999347 -0
-376 1.3371 -1250 14.3317 6.27709 0.0361346 0.999347 -0
-530 1.3371 447 -13.3366 8.77831 0 1 -0
-376 1.3371 447 -13.3358 6.26755 0.0361346 0.999347 -0
-376 1.3371 -1250 14.3317 6.27709 0.0361346 0.999347 -0
-530 1.3371 -1250 14.3308 8.78787 0 1 -0
-530 1.3371 447 -13.3366 8.77831 0 1 -0
341 132.5 -368 -1.19697 -0.43898 -0.57735 0.57735 0.57735
145 132.5 -288 2.19697 0.946303 0.57735 0.57735 -0.57735
341 132.5 -288 -1.19697 0.9463 -0.57735 0.57735 -0.57735
341 132.5 -368 -1.19697 -0.43898 -0.57735 0.57735 0.57735
145 132.5 -368 2.19697 -0.438977 0.57735 0.57735 0.57735
145 132.5 -288 2.19697 0.946303 0.57735 0.57735 -0.57735
335 177.5 -72 -1.19697 -0.43898 -0.57735 0.57735 -0.57735
255 177.5 -268 2.19697 0.946303 0.57735 0.57735 0.57735
255 177.5 -72 -1.19697 0.9463 0.57735 0.57735 -0.57735
335 177.5 -72 -1.19697 -0.43898 -0.57735 0.57735 -0.57735
335 177.5 -268 2.19697 -0.438977 -0.57735 0.57735 0.57735
255 177.5 -268 2.19697 0.946303 0.57735 0.57735 0.57735
335 132.5 144 -1.19697 -0.43898 -0.57735 0.57735 -0.57735
255 132.5 -52 2.19697 0.946303 0.57735 0.57735 0.57735
255 132.5 144 -1.19697 0.9463 0.57735 0.57735 -0.57735
335 132.5 144 -1.19697 -0.43898 -0.57735 0.57735 -0.57735
335 132.5 -52 2.19697 -0.438977 -0.57735 0.57735 0.57735
255 132.5 -52 2.19697 0.946303 0.57735 0.57735 0.57735
-96 177.5 -155 -1.19697 -0.43898 -0.57735 0.57735 -0.57735
-176 177.5 -351 2.19697 0.946303 0.57735 0.57735 0.57735
-176 177.5 -155 -1.19697 0.9463 0.57735 0.57735 -0.57735
-96 177.5 -155 -1.19697 -0.43898 -0.57735 0.57735 -0.57735
-96 177.5 -351 2.19697 -0.438977 -0.57735 0.57735 0.57735
-176 177.5 -351 2.19697 0.946303 0.57735 0.57735 0.57735
-96 132.5 278 -1.19697 -0.43898 -0.57735 0.57735 -0.57735
-176 132.5 82 2.19697 0.946303 0.57735 0.57735 0.57735
-176 132.5 278 -1.19697 0.9463 0.57735 0.57735 -0.57735
-96 132.5 278 -1.19697 -0.43898 -0.57735 0.57735 -0.57735
-96 132.5 82 2.19697 -0.438977 -0.57735 0.57735 0.57735
-176 132.5 82 2.19697 0.946303 0.57735 0.57735 0.57735
-284 182.5 -1001 -1.19697 1.03289 0.57735 0.57735 0.57735
-196 182.5 -805 2.19697 -0.490929 -0.57735 0.57735 -0.57735
-196 182.5 -1001 -1.19697 -0.490921 -0.57735 0.57735 0.57735
-284 182.5 -805 2.19697 1.03288 0.57735 0.57735 -0.57735
-196 182.5 -805 2.19697 -0.490929 -0.57735 0.57735 -0.57735
-284 182.5 -1001 -1.19697 1.03289 0.57735 0.57735 0.57735
-299 190 -351 2.19697 0.946303 -0.57735 0.57735 0.57735
-379 190 -155 -1.19697 -0.43898 0.57735 0.57735 -0.57735
-299 190 -155 -1.19697 0.9463 -0.57735 0.57735 -0.57735
-379 190 -351 2.19697 -0.438977 0.57735 0.57735 0.57735
-379 190 -155 -1.19697 -0.43898 0.57735 0.57735 -0.57735
-299 190 -351 2.19697 0.946303 -0.57735 0.57735 0.57735
-284 182.5 -251 -1.19697 1.03289 0.57735 0.57735 0.57735
-196 182.5 -55 2.19697 -0.490929 -0.57735 0.57735 -0.57735
-196 182.5 -251 -1.19697 -0.490921 -0.57735 0.57735 0.57735
-284 182.5 -55 2.19697 1.03288 0.57735 0.57735 -0.57735
-196 182.5 -55 2.19697 -0.490929 -0.57735 0.57735 -0.57735
-284 182.5 -251 -1.19697 1.03289 0.57735 0.57735 0.57735
-299 190 -1101 2.19697 0.946303 -0.57735 0.57735 0.57735
-379 190 -905 -1.19697 -0.43898 0.57735 0.57735 -0.57735
-299 190 -905 -1.19697 0.9463 -0.57735 0.57735 -0.57735
-379 190 -1101 2.19697 -0.438977 0.57735 0.57735 0.57735
-379 190 -905 -1.19697 -0.43898 0.57735 0.57735 -0.57735
-299 190 -1101 2.19697 0.946303 -0.57735 0.57735 0.57735
-96 177.5 -905 -1.19697 -0.43898 -0.57735 0.57735 -0.57735
-176 177.5 -1101 2.19697 0.946303 0.57735 0.57735 0.57735
-176 177.5 -905 -1.19697 0.9463 0.57735 0.57735 -0.57735
-96 177.5 -905 -1.19697 -0.43898 -0.57735 0.57735 -0.57735
-96 177.5 -1101 2.19697 -0.438977 -0.57735 0.57735 0.57735
-176 177.5 -1101 2.19697 0.946303 0.57735 0.57735 0.57735
-96 132.5 -482 -1.19697 -0.43898 -0.57735 0.57735 -0.57735
-176 132.5 -678 2.19697 0.946303 0.57735 0.57735 0.57735
-176 132.5 -482 -1.19697 0.9463 0.57735 0.57735 -0.57735
-96 132.5 -482 -1.19697 -0.43898 -0.57735 0.57735 -0.57735
-96 132.5 -678 2.19697 -0.438977 -0.57735 0.57735 0.57735
-176 132.5 -678 2.19697 0.946303 0.57735 0.57735 0.57735
346 132.5 -670 -1.19697 -0.43898 -0.57735 0.57735 0.57735
150 132.5 -590 2.19697 0.946303 0.57735 0.57735 -0.57735
346 132.5 -590 -1.19697 0.9463 -0.57735 0.57735 -0.57735
346 132.5 -670 -1.19697 -0.43898 -0.57735 0.57735 0.57735
150 132.5 -670 2.19697 -0.438977 0.57735 0.57735 0.57735
150 132.5 -590 2.19697 0.946303 0.57735 0.57735 -0.57735
150 132.5 -490 -1.19697 -0.43898 0.57735 0.57735 -0.57735
346 132.5 -570 2.19697 0.946303 -0.57735 0.57735 0.57735
150 132.5 -570 -1.19697 0.9463 0.57735 0.57735 0.57735
150 132.5 -490 -1.19697 -0.43898 0.57735 0.57735 -0.57735
346 132.5 -490 2.19697 -0.438977 -0.57735 0.57735 -0.57735
346 132.5 -570 2.19697 0.946303 -0.57735 0.57735 0.57735
150 132.5 -800 -1.19697 -0.43898 0.57735 0.57735 -0.57735
346 132.5 -880 2.19697 0.946303 -0.57735 0.57735 0.57735
150 132.5 -880 -1.19697 0.9463 0.57735 0.57735 0.57735
150 132.5 -800 -1.19697 -0.43898 0.57735 0.57735 -0.57735
346 132.5 -800 2.19697 -0.438977 -0.57735 0.57735 -0.57735
346 132.5 -880 2.19697 0.946303 -0.57735 0.57735 0.57735
346 132.5 -1080 -1.19697 -0.43898 -0.57735 0.57735 0.57735
150 132.5 -1000 2.19697 0.946303 0.57735 0.57735 -0.57735
346 132.5 -1000 -1.19697 0.9463 -0.57735 0.57735 -0.57735
346 132.5 -1080 -1.19697 -0.43898 -0.57735 0.57735 0.57735
150 132.5 -1080 2.19697 -0.438977 0.57735 0.57735 0.57735
150 132.5 -1000 2.19697 0.946303 0.57735 0.57735 -0.57735
