-423.5 2.56339 -55 -23.054 23.2048 0 1 -0
-422.979 2.56339 -28.7849 -24.4365 23.1773 0 1 -0
-376 2.56339 -55 -23.054 20.6999 0.0361346 0.999347 -0
-416.835 2.56339 -14.7206 -25.1781 22.8533 0 1 -0
-412.632 2.56339 -11.4925 -25.3484 22.6317 0 1 -0
-376 2.56339 -55 -23.054 20.6999 0.0361346 0.999347 -0
-421.625 2.56339 -23.125 -24.7349 23.1059 0 1 -0
-419.646 2.56339 -18.6452 -24.9712 23.0016 0 1 -0
-376 2.56339 -55 -23.054 20.6999 0.0361346 0.999347 -0
-407.875 2.56339 -9.37501 -25.46 22.3808 0 1 -0
-402.076 2.56339 -8.02106 -25.5314 22.075 0 1 -0
-376 2.56339 -55 -23.054 20.6999 0.0361346 0.999347 -0
-402.076 2.56339 -8.02106 -25.5314 22.075 0 1 -0
-376 2.56339 -7.5 -25.5589 20.6999 0.0361346 0.999347 -0
-376 2.56339 -55 -23.054 20.6999 0.0361346 0.999347 -0
-412.632 2.56339 -11.4925 -25.3484 22.6317 0 1 -0
-407.875 2.56339 -9.37501 -25.46 22.3808 0 1 -0
-376 2.56339 -55 -23.054 20.6999 0.0361346 0.999347 -0
-419.646 2.56339 -18.6452 -24.9712 23.0016 0 1 -0
-416.835 2.56339 -14.7206 -25.1781 22.8533 0 1 -0
-376 2.56339 -55 -23.054 20.6999 0.0361346 0.999347 -0
-422.979 2.56339 -28.7849 -24.4365 23.1773 0 1 -0
-421.625 2.56339 -23.125 -24.7349 23.1059 0 1 -0
-376 2.56339 -55 -23.054 20.6999 0.0361346 0.999347 -0
-100 1 85 24.0539 15.3355 0.0361346 0.999347 -0
-52.5 1 260 26.5589 6.10687 0 1 -0
-52.5 1 85 26.5589 15.3355 0 1 -0
-100 1 85 24.0539 15.3355 0.0361346 0.999347 -0
-100 1 260 24.054 6.10685 0.0361346 0.999347 -0
-52.5 1 260 26.5589 6.10687 0 1 -0
-73.7849 1 38.0211 25.4364 17.813 0 1 -0
-100 1 37.5 24.0539 17.8405 0.0361346 0.999347 -0
-100 1 85 24.0539 15.3355 0.0361346 0.999347 -0
-56.4925 1 48.3675 26.3483 17.2674 0 1 -0
-59.7206 1 44.1653 26.1781 17.489 0 1 -0
-100 1 85 24.0539 15.3355 0.0361346 0.999347 -0
-63.6452 1 41.3537 25.9711 17.6372 0 1 -0
-68.125 1 39.375 25.7348 17.7416 0 1 -0
-100 1 85 24.0539 15.3355 0.0361346 0.999347 -0
-53.0211 1 58.9237 26.5314 16.7107 0 1 -0
-54.375 1 53.125 26.46 17.0165 0 1 -0
-100 1 85 24.0539 15.3355 0.0361346 0.999347 -0
-52.5 1 85 26.5589 15.3355 0 1 -0
-53.0211 1 58.9237 26.5314 16.7107 0 1 -0
-100 1 85 24.0539 15.3355 0.0361346 0.999347 -0
-54.375 1 53.125 26.46 17.0165 0 1 -0
-56.4925 1 48.3675 26.3483 17.2674 0 1 -0
-100 1 85 24.0539 15.3355 0.0361346 0.999347 -0
-59.7206 1 44.1653 26.1781 17.489 0 1 -0
-63.6452 1 41.3537 25.9711 17.6372 0 1 -0
-100 1 85 24.0539 15.3355 0.0361346 0.999347 -0
-68.125 1 39.375 25.7348 17.7416 0 1 -0
-73.7849 1 38.0211 25.4364 17.813 0 1 -0
-100 1 85 24.0539 15.3355 0.0361346 0.999347 -0
-52.5 1 -350 -7.4971 3.60183 0 1 -0
-100 1 -55 -23.054 6.10675 0.0361346 0.999347 -0
-52.5 1 -55 -23.054 3.60182 0 1 -0
-52.5 1 -350 -7.4971 3.60183 0 1 -0
-100 1 -350 -7.4971 6.10675 0.0361346 0.999347 -0
-100 1 -55 -23.054 6.10675 0.0361346 0.999347 -0
-100 1 -7.50001 -25.5589 6.10675 0.0361346 0.999347 -0
-73.7849 1 -8.02106 -25.5314 4.72429 0 1 -0
-100 1 -55 -23.054 6.10675 0.0361346 0.999347 -0
-59.7206 1 -14.1653 -25.2074 3.98261 0 1 -0
-56.4925 1 -18.3675 -24.9858 3.81237 0 1 -0
-100 1 -55 -23.054 6.10675 0.0361346 0.999347 -0
-68.125 1 -9.37501 -25.46 4.42581 0 1 -0
-63.6452 1 -11.3537 -25.3557 4.18957 0 1 -0
-100 1 -55 -23.054 6.10675 0.0361346 0.999347 -0
-54.375 1 -23.125 -24.7349 3.7007 0 1 -0
-53.0211 1 -28.9237 -24.4291 3.6293 0 1 -0
-100 1 -55 -23.054 6.10675 0.0361346 0.999347 -0
-53.0211 1 -28.9237 -24.4291 3.6293 0 1 -0
-52.5 1 -55 -23.054 3.60182 0 1 -0
-100 1 -55 -23.054 6.10675 0.0361346 0.999347 -0
-56.4925 1 -18.3675 -24.9858 3.81237 0 1 -0
-54.375 1 -23.125 -24.7349 3.7007 0 1 -0
-100 1 -55 -23.054 6.10675 0.0361346 0.999347 -0
-63.6452 1 -11.3537 -25.3557 4.18957 0 1 -0
-59.7206 1 -14.1653 -25.2074 3.98261 0 1 -0
-100 1 -55 -23.054 6.10675 0.0361346 0.999347 -0
-73.7849 1 -8.02106 -25.5314 4.72429 0 1 -0
-68.125 1 -9.37501 -25.46 4.42581 0 1 -0
-100 1 -55 -23.054 6.10675 0.0361346 0.999347 -0
-423.5 2.56339 260 6.95597 6.10673 0 1 -0
-422.979 2.56339 286.215 6.98345 4.72427 0 1 -0
-376 2.56339 260 9.46089 6.10675 0.0361346 0.999347 -0
-416.835 2.56339 300.279 7.30748 3.98259 0 1 -0
-412.632 2.56339 303.507 7.52908 3.81236 0 1 -0
-376 2.56339 260 9.46089 6.10675 0.0361346 0.999347 -0
-421.625 2.56339 291.875 7.05486 4.42579 0 1 -0
-419.646 2.56339 296.355 7.1592 4.18955 0 1 -0
-376 2.56339 260 9.46089 6.10675 0.0361346 0.999347 -0
-407.875 2.56339 305.625 7.77997 3.70069 0 1 -0
-402.076 2.56339 306.979 8.08577 3.62929 0 1 -0
-376 2.56339 260 9.46089 6.10675 0.0361346 0.999347 -0
-402.076 2.56339 306.979 8.08577 3.62929 0 1 -0
-376 2.56339 307.5 9.46091 3.60182 0.0361346 0.999347 -0
-376 2.56339 260 9.46089 6.10675 0.0361346 0.999347 -0
-412.632 2.56339 303.507 7.52908 3.81236 0 1 -0
-407.875 2.56339 305.625 7.77997 3.70069 0 1 -0
-376 2.56339 260 9.46089 6.10675 0.0361346 0.999347 -0
-419.646 2.56339 296.355 7.1592 4.18955 0 1 -0
-416.835 2.56339 300.279 7.30748 3.98259 0 1 -0
-376 2.56339 260 9.46089 6.10675 0.0361346 0.999347 -0
-422.979 2.56339 286.215 6.98345 4.72427 0 1 -0
-421.625 2.56339 291.875 7.05486 4.42579 0 1 -0
-376 2.56339 260 9.46089 6.10675 0.0361346 0.999347 -0
-422.979 2.56339 58.7849 6.98337 16.7178 0 1 -0
-423.5 2.56339 85 6.9559 15.3354 0 1 -0
-376 2.56339 85 9.46082 15.3354 0.0361346 0.999347 -0
-412.632 2.56339 41.4925 7.52898 17.6298 0 1 -0
-416.835 2.56339 44.7206 7.30738 17.4595 0 1 -0
-376 2.56339 85 9.46082 15.3354 0.0361346 0.999347 -0
-419.646 2.56339 48.6452 7.15911 17.2526 0 1 -0
-421.625 2.56339 53.125 7.05477 17.0163 0 1 -0
-376 2.56339 85 9.46082 15.3354 0.0361346 0.999347 -0
-402.076 2.56339 38.021 8.08566 17.8128 0 1 -0
-407.875 2.56339 39.375 7.77987 17.7414 0 1 -0
-376 2.56339 85 9.46082 15.3354 0.0361346 0.999347 -0
-376 2.56339 37.5 9.4608 17.8403 0.0361346 0.999347 -0
-402.076 2.56339 38.021 8.08566 17.8128 0 1 -0
-376 2.56339 85 9.46082 15.3354 0.0361346 0.999347 -0
-407.875 2.56339 39.375 7.77987 17.7414 0 1 -0
-412.632 2.56339 41.4925 7.52898 17.6298 0 1 -0
-376 2.56339 85 9.46082 15.3354 0.0361346 0.999347 -0
-416.835 2.56339 44.7206 7.30738 17.4595 0 1 -0
-419.646 2.56339 48.6452 7.15911 17.2526 0 1 -0
-376 2.56339 85 9.46082 15.3354 0.0361346 0.999347 -0
-421.625 2.56339 53.125 7.05477 17.0163 0 1 -0
-422.979 2.56339 58.7849 6.98337 16.7178 0 1 -0
-376 2.56339 85 9.46082 15.3354 0.0361346 0.999347 -0
-100 1 37.5 24.0539 17.8405 0.0361346 0.999347 -0
-376 2.56339 85 9.46082 15.3354 0.0361346 0.999347 -0
-100 1 85 24.0539 15.3355 0.0361346 0.999347 -0
-100 1 37.5 24.0539 17.8405 0.0361346 0.999347 -0
-376 2.56339 37.5 9.4608 17.8403 0.0361346 0.999347 -0
-376 2.56339 85 9.46082 15.3354 0.0361346 0.999347 -0
-376 2.56339 -55 -23.054 20.6999 0.0361346 0.999347 -0
-100 1 -7.50001 -25.5589 6.10675 0.0361346 0.999347 -0
-100 1 -55 -23.054 6.10675 0.0361346 0.999347 -0
-376 2.56339 -55 -23.054 20.6999 0.0361346 0.999347 -0
-376 2.56339 -7.5 -25.5589 20.6999 0.0361346 0.999347 -0
-100 1 -7.50001 -25.5589 6.10675 0.0361346 0.999347 -0
-376 2.56339 85 9.46082 15.3354 0.0361346 0.999347 -0
-423.5 2.56339 260 6.95597 6.10673 0 1 -0
-376 2.56339 260 9.46089 6.10675 0.0361346 0.999347 -0
-376 2.56339 85 9.46082 15.3354 0.0361346 0.999347 -0
-423.5 2.56339 85 6.9559 15.3354 0 1 -0
-423.5 2.56339 260 6.95597 6.10673 0 1 -0
-100 1 307.5 24.054 3.60193 0.0361346 0.999347 -0
-73.7849 1 306.979 25.4365 3.62942 0 1 -0
-100 1 260 24.054 6.10685 0.0361346 0.999347 -0
-59.7206 1 300.835 26.1782 3.95344 0 1 -0
-56.4925 1 296.632 26.3484 4.17504 0 1 -0
-100 1 260 24.054 6.10685 0.0361346 0.999347 -0
-68.125 1 305.625 25.7349 3.70082 0 1 -0
-63.6452 1 303.646 25.9712 3.80517 0 1 -0
-100 1 260 24.054 6.10685 0.0361346 0.999347 -0
-54.375 1 291.875 26.4601 4.42593 0 1 -0
-53.0211 1 286.076 26.5315 4.73173 0 1 -0
-100 1 260 24.054 6.10685 0.0361346 0.999347 -0
-53.0211 1 286.076 26.5315 4.73173 0 1 -0
-52.5 1 260 26.5589 6.10687 0 1 -0
-100 1 260 24.054 6.10685 0.0361346 0.999347 -0
-56.4925 1 296.632 26.3484 4.17504 0 1 -0
-54.375 1 291.875 26.4601 4.42593 0 1 -0
-100 1 260 24.054 6.10685 0.0361346 0.999347 -0
-63.6452 1 303.646 25.9712 3.80517 0 1 -0
-59.7206 1 300.835 26.1782 3.95344 0 1 -0
-100 1 260 24.054 6.10685 0.0361346 0.999347 -0
-73.7849 1 306.979 25.4365 3.62942 0 1 -0
-68.125 1 305.625 25.7349 3.70082 0 1 -0
-100 1 260 24.054 6.10685 0.0361346 0.999347 -0
-376 2.56339 260 9.46089 6.10675 0.0361346 0.999347 -0
-100 1 307.5 24.054 3.60193 0.0361346 0.999347 -0
-100 1 260 24.054 6.10685 0.0361346 0.999347 -0
-376 2.56339 260 9.46089 6.10675 0.0361346 0.999347 -0
-376 2.56339 307.5 9.46091 3.60182 0.0361346 0.999347 -0
-100 1 307.5 24.054 3.60193 0.0361346 0.999347 -0
-100 1 -55 -23.054 6.10675 0.0361346 0.999347 -0
-376 2.56339 -350 -7.4971 20.6998 0.0361346 0.999347 -0
-376 2.56339 -55 -23.054 20.6999 0.0361346 0.999347 -0
-100 1 -55 -23.054 6.10675 0.0361346 0.999347 -0
-100 1 -350 -7.4971 6.10675 0.0361346 0.999347 -0
-376 2.56339 -350 -7.4971 20.6998 0.0361346 0.999347 -0
-100 1 85 24.0539 15.3355 0.0361346 0.999347 -0
-376 2.56339 260 9.46089 6.10675 0.0361346 0.999347 -0
-100 1 260 24.054 6.10685 0.0361346 0.999347 -0
-100 1 85 24.0539 15.3355 0.0361346 0.999347 -0
-376 2.56339 85 9.46082 15.3354 0.0361346 0.999347 -0
-376 2.56339 260 9.46089 6.10675 0.0361346 0.999347 -0
-376 2.56339 -350 -7.4971 20.6998 0.0361346 0.999347 -0
-423.5 2.56339 -55 -23.054 23.2048 0 1 -0
-376 2.56339 -55 -23.054 20.6999 0.0361346 0.999347 -0
-376 2.56339 -350 -7.4971 20.6998 0.0361346 0.999347 -0
-423.5 2.56339 -350 -7.4971 23.2048 0 1 -0
-423.5 2.56339 -55 -23.054 23.2048 0 1 -0
-73.7849 1 -398.229 -4.95373 4.72429 0 1 -0
-100 1 -398.75 -4.92626 6.10675 0.0361346 0.999347 -0
-100 1 -350 -7.4971 6.10675 0.0361346 0.999347 -0
-56.4925 1 -387.883 -5.49936 3.81238 0 1 -0
-59.7206 1 -392.085 -5.27775 3.98261 0 1 -0
-100 1 -350 -7.4971 6.10675 0.0361346 0.999347 -0
-63.6452 1 -394.896 -5.12949 4.18957 0 1 -0
-68.125 1 -396.875 -5.02513 4.42582 0 1 -0
-100 1 -350 -7.4971 6.10675 0.0361346 0.999347 -0
-53.0211 1 -377.326 -6.05604 3.62931 0 1 -0
-54.375 1 -383.125 -5.75025 3.70071 0 1 -0
-100 1 -350 -7.4971 6.10675 0.0361346 0.999347 -0
-52.5 1 -350 -7.4971 3.60183 0 1 -0
-53.0211 1 -377.326 -6.05604 3.62931 0 1 -0
-100 1 -350 -7.4971 6.10675 0.0361346 0.999347 -0
-54.375 1 -383.125 -5.75025 3.70071 0 1 -0
-56.4925 1 -387.883 -5.49936 3.81238 0 1 -0
-100 1 -350 -7.4971 6.10675 0.0361346 0.999347 -0
-59.7206 1 -392.085 -5.27775 3.98261 0 1 -0
-63.6452 1 -394.896 -5.12949 4.18957 0 1 -0
-100 1 -350 -7.4971 6.10675 0.0361346 0.999347 -0
-68.125 1 -396.875 -5.02513 4.42582 0 1 -0
-73.7849 1 -398.229 -4.95373 4.72429 0 1 -0
-100 1 -350 -7.4971 6.10675 0.0361346 0.999347 -0
-422.979 2.56339 -377.465 -6.04872 23.1773 0 1 -0
-423.5 2.56339 -350 -7.4971 23.2048 0 1 -0
-376 2.56339 -350 -7.4971 20.6998 0.0361346 0.999347 -0
-412.632 2.56339 -394.757 -5.13681 22.6317 0 1 -0
-416.835 2.56339 -391.529 -5.30704 22.8533 0 1 -0
-376 2.56339 -350 -7.4971 20.6998 0.0361346 0.999347 -0
-419.646 2.56339 -387.605 -5.514 23.0015 0 1 -0
-421.625 2.56339 -383.125 -5.75025 23.1059 0 1 -0
-376 2.56339 -350 -7.4971 20.6998 0.0361346 0.999347 -0
-402.076 2.56339 -398.229 -4.95374 22.075 0 1 -0
-407.875 2.56339 -396.875 -5.02514 22.3808 0 1 -0
-376 2.56339 -350 -7.4971 20.6998 0.0361346 0.999347 -0
-376 2.56339 -398.75 -4.92626 20.6998 0.0361346 0.999347 -0
-402.076 2.56339 -398.229 -4.95374 22.075 0 1 -0
-376 2.56339 -350 -7.4971 20.6998 0.0361346 0.999347 -0
-407.875 2.56339 -396.875 -5.02514 22.3808 0 1 -0
-412.632 2.56339 -394.757 -5.13681 22.6317 0 1 -0
-376 2.56339 -350 -7.4971 20.6998 0.0361346 0.999347 -0
-416.835 2.56339 -391.529 -5.30704 22.8533 0 1 -0
-419.646 2.56339 -387.605 -5.514 23.0015 0 1 -0
-376 2.56339 -350 -7.4971 20.6998 0.0361346 0.999347 -0
-421.625 2.56339 -383.125 -5.75025 23.1059 0 1 -0
-422.979 2.56339 -377.465 -6.04872 23.1773 0 1 -0
-376 2.56339 -350 -7.4971 20.6998 0.0361346 0.999347 -0
-100 1 -398.75 -4.92626 6.10675 0.0361346 0.999347 -0
-376 2.56339 -350 -7.4971 20.6998 0.0361346 0.999347 -0
-100 1 -350 -7.4971 6.10675 0.0361346 0.999347 -0
-100 1 -398.75 -4.92626 6.10675 0.0361346 0.999347 -0
-376 2.56339 -398.75 -4.92626 20.6998 0.0361346 0.999347 -0
-376 2.56339 -350 -7.4971 20.6998 0.0361346 0.999347 -0
330 1 -360 8.32347 -19.8031 0 1 -0
377.5 1 235 -23.054 -22.3079 0 1 -0
377.5 1 -360 8.32346 -22.308 0 1 -0
330 1 -360 8.32347 -19.8031 0 1 -0
330 1 235 -23.054 -19.803 0 1 -0
377.5 1 235 -23.054 -22.3079 0 1 -0
356.215 1 -406.979 10.8009 -21.1855 0 1 -0
330 1 -407.5 10.8284 -19.8031 0 1 -0
330 1 -360 8.32347 -19.8031 0 1 -0
373.507 1 -396.632 10.2553 -22.0975 0 1 -0
370.279 1 -400.835 10.4769 -21.9272 0 1 -0
330 1 -360 8.32347 -19.8031 0 1 -0
366.355 1 -403.646 10.6251 -21.7202 0 1 -0
361.875 1 -405.625 10.7295 -21.484 0 1 -0
330 1 -360 8.32347 -19.8031 0 1 -0
376.979 1 -386.076 9.6986 -22.2805 0 1 -0
375.625 1 -391.875 10.0044 -22.2091 0 1 -0
330 1 -360 8.32347 -19.8031 0 1 -0
377.5 1 -360 8.32346 -22.308 0 1 -0
376.979 1 -386.076 9.6986 -22.2805 0 1 -0
330 1 -360 8.32347 -19.8031 0 1 -0
375.625 1 -391.875 10.0044 -22.2091 0 1 -0
373.507 1 -396.632 10.2553 -22.0975 0 1 -0
330 1 -360 8.32347 -19.8031 0 1 -0
370.279 1 -400.835 10.4769 -21.9272 0 1 -0
366.355 1 -403.646 10.6251 -21.7202 0 1 -0
330 1 -360 8.32347 -19.8031 0 1 -0
361.875 1 -405.625 10.7295 -21.484 0 1 -0
356.215 1 -406.979 10.8009 -21.1855 0 1 -0
330 1 -360 8.32347 -19.8031 0 1 -0
111.5 0.999999 197 -21.05 -8.28033 0 1 -0
112.021 0.999999 223.215 -22.4325 -8.30781 0 1 -0
159 0.999999 197 -21.05 -10.7853 0 1 -0
118.165 0.999999 237.279 -23.1742 -8.63183 0 1 -0
122.368 0.999999 240.508 -23.3444 -8.85343 0 1 -0
159 0.999999 197 -21.05 -10.7853 0 1 -0
113.375 0.999999 228.875 -22.731 -8.37921 0 1 -0
115.354 0.999999 233.355 -22.9672 -8.48356 0 1 -0
159 0.999999 197 -21.05 -10.7853 0 1 -0
127.125 0.999999 242.625 -23.4561 -9.10432 0 1 -0
132.924 0.999999 243.979 -23.5275 -9.41011 0 1 -0
159 0.999999 197 -21.05 -10.7853 0 1 -0
132.924 0.999999 243.979 -23.5275 -9.41011 0 1 -0
159 0.999999 254.5 -24.0823 -10.7853 0 1 -0
159 0.999999 197 -21.05 -10.7853 0 1 -0
122.368 0.999999 240.508 -23.3444 -8.85343 0 1 -0
127.125 0.999999 242.625 -23.4561 -9.10432 0 1 -0
159 0.999999 197 -21.05 -10.7853 0 1 -0
115.354 0.999999 233.355 -22.9672 -8.48356 0 1 -0
118.165 0.999999 237.279 -23.1742 -8.63183 0 1 -0
159 0.999999 197 -21.05 -10.7853 0 1 -0
112.021 0.999999 223.215 -22.4325 -8.30781 0 1 -0
113.375 0.999999 228.875 -22.731 -8.37921 0 1 -0
159 0.999999 197 -21.05 -10.7853 0 1 -0
112.021 0.999999 -386.215 9.70595 -8.30789 0 1 -0
111.5 0.999999 -360 8.32349 -8.28041 0 1 -0
159 0.999994 -360 8.32348 -10.7853 0 1 -0
122.368 0.999999 -403.507 10.6179 -8.85351 0 1 -0
118.165 0.999999 -400.279 10.4476 -8.63191 0 1 -0
159 0.999994 -360 8.32348 -10.7853 0 1 -0
115.354 0.999999 -396.355 10.2407 -8.48364 0 1 -0
113.375 0.999999 -391.875 10.0044 -8.37929 0 1 -0
159 0.999994 -360 8.32348 -10.7853 0 1 -0
132.924 0.999999 -406.979 10.8009 -9.4102 0 1 -0
127.125 0.999999 -405.625 10.7295 -9.1044 0 1 -0
159 0.999994 -360 8.32348 -10.7853 0 1 -0
159 0.999999 -407.5 10.8284 -10.7853 0 1 -0
132.924 0.999999 -406.979 10.8009 -9.4102 0 1 -0
159 0.999994 -360 8.32348 -10.7853 0 1 -0
127.125 0.999999 -405.625 10.7295 -9.1044 0 1 -0
122.368 0.999999 -403.507 10.6179 -8.85351 0 1 -0
159 0.999994 -360 8.32348 -10.7853 0 1 -0
118.165 0.999999 -400.279 10.4476 -8.63191 0 1 -0
115.354 0.999999 -396.355 10.2407 -8.48364 0 1 -0
159 0.999994 -360 8.32348 -10.7853 0 1 -0
113.375 0.999999 -391.875 10.0044 -8.37929 0 1 -0
112.021 0.999999 -386.215 9.70595 -8.30789 0 1 -0
159 0.999994 -360 8.32348 -10.7853 0 1 -0
330 1 -407.5 10.8284 -19.8031 0 1 -0
159 0.999994 -360 8.32348 -10.7853 0 1 -0
330 1 -360 8.32347 -19.8031 0 1 -0
330 1 -407.5 10.8284 -19.8031 0 1 -0
159 0.999999 -407.5 10.8284 -10.7853 0 1 -0
159 0.999994 -360 8.32348 -10.7853 0 1 -0
159 0.999994 -360 8.32348 -10.7853 0 1 -0
111.5 0.999999 197 -21.05 -8.28033 0 1 -0
159 0.999999 197 -21.05 -10.7853 0 1 -0
159 0.999994 -360 8.32348 -10.7853 0 1 -0
111.5 0.999999 -360 8.32349 -8.28041 0 1 -0
111.5 0.999999 197 -21.05 -8.28033 0 1 -0
225 1 282.5 -25.5589 -14.2658 0 1 -0
356.215 1 281.979 -25.5315 -21.1854 0 1 -0
330 1 235 -23.054 -19.803 0 1 -0
370.279 1 275.835 -25.2074 -21.9271 0 1 -0
373.507 1 271.632 -24.9858 -22.0973 0 1 -0
330 1 235 -23.054 -19.803 0 1 -0
361.875 1 280.625 -25.4601 -21.4839 0 1 -0
366.355 1 278.646 -25.3557 -21.7202 0 1 -0
330 1 235 -23.054 -19.803 0 1 -0
375.625 1 266.875 -24.7349 -22.209 0 1 -0
376.979 1 261.076 -24.4291 -22.2804 0 1 -0
330 1 235 -23.054 -19.803 0 1 -0
376.979 1 261.076 -24.4291 -22.2804 0 1 -0
377.5 1 235 -23.054 -22.3079 0 1 -0
330 1 235 -23.054 -19.803 0 1 -0
373.507 1 271.632 -24.9858 -22.0973 0 1 -0
375.625 1 266.875 -24.7349 -22.209 0 1 -0
330 1 235 -23.054 -19.803 0 1 -0
366.355 1 278.646 -25.3557 -21.7202 0 1 -0
370.279 1 275.835 -25.2074 -21.9271 0 1 -0
330 1 235 -23.054 -19.803 0 1 -0
356.215 1 281.979 -25.5315 -21.1854 0 1 -0
361.875 1 280.625 -25.4601 -21.4839 0 1 -0
330 1 235 -23.054 -19.803 0 1 -0
159 0.999999 197 -21.05 -10.7853 0 1 -0
225 1 282.5 -25.5589 -14.2658 0 1 -0
330 1 235 -23.054 -19.803 0 1 -0
159 0.999999 197 -21.05 -10.7853 0 1 -0
159 0.999999 254.5 -24.0823 -10.7853 0 1 -0
225 1 282.5 -25.5589 -14.2658 0 1 -0
330 1 -360 8.32347 -19.8031 0 1 -0
159 0.999999 197 -21.05 -10.7853 0 1 -0
330 1 235 -23.054 -19.803 0 1 -0
330 1 -360 8.32347 -19.8031 0 1 -0
159 0.999994 -360 8.32348 -10.7853 0 1 -0
159 0.999999 197 -21.05 -10.7853 0 1 -0
-423.5 2.56339 -805 -23.054 23.2048 0 1 -0
-422.979 2.56339 -778.785 -24.4365 23.1773 0 1 -0
-376 2.56339 -805 -23.054 20.6999 0.0361346 0.999347 -0
-416.835 2.56339 -764.721 -25.1781 22.8533 0 1 -0
-412.632 2.56339 -761.493 -25.3484 22.6317 0 1 -0
-376 2.56339 -805 -23.054 20.6999 0.0361346 0.999347 -0
-421.625 2.56339 -773.125 -24.7349 23.1059 0 1 -0
-419.646 2.56339 -768.645 -24.9712 23.0016 0 1 -0
-376 2.56339 -805 -23.054 20.6999 0.0361346 0.999347 -0
-407.875 2.56339 -759.375 -25.46 22.3808 0 1 -0
-402.076 2.56339 -758.021 -25.5314 22.075 0 1 -0
-376 2.56339 -805 -23.054 20.6999 0.0361346 0.999347 -0
-402.076 2.56339 -758.021 -25.5314 22.075 0 1 -0
-376 2.56339 -757.5 -25.5589 20.6999 0.0361346 0.999347 -0
-376 2.56339 -805 -23.054 20.6999 0.0361346 0.999347 -0
-412.632 2.56339 -761.493 -25.3484 22.6317 0 1 -0
-407.875 2.56339 -759.375 -25.46 22.3808 0 1 -0
-376 2.56339 -805 -23.054 20.6999 0.0361346 0.999347 -0
-419.646 2.56339 -768.645 -24.9712 23.0016 0 1 -0
-416.835 2.56339 -764.721 -25.1781 22.8533 0 1 -0
-376 2.56339 -805 -23.054 20.6999 0.0361346 0.999347 -0
-422.979 2.56339 -778.785 -24.4365 23.1773 0 1 -0
-421.625 2.56339 -773.125 -24.7349 23.1059 0 1 -0
-376 2.56339 -805 -23.054 20.6999 0.0361346 0.999347 -0
-100 1 -665 24.0539 15.3355 0.0361346 0.999347 -0
-52.5 1 -490 26.5589 6.10687 0 1 -0
-52.5 1 -665 26.5589 15.3355 0 1 -0
-100 1 -665 24.0539 15.3355 0.0361346 0.999347 -0
-100 1 -490 24.054 6.10685 0.0361346 0.999347 -0
-52.5 1 -490 26.5589 6.10687 0 1 -0
-73.7849 1 -711.979 25.4364 17.813 0 1 -0
-100 1 -712.5 24.0539 17.8405 0.0361346 0.999347 -0
-100 1 -665 24.0539 15.3355 0.0361346 0.999347 -0
-56.4925 1 -701.632 26.3483 17.2674 0 1 -0
-59.7206 1 -705.835 26.1781 17.489 0 1 -0
-100 1 -665 24.0539 15.3355 0.0361346 0.999347 -0
-63.6452 1 -708.646 25.9711 17.6372 0 1 -0
-68.125 1 -710.625 25.7348 17.7416 0 1 -0
-100 1 -665 24.0539 15.3355 0.0361346 0.999347 -0
-53.0211 1 -691.076 26.5314 16.7107 0 1 -0
-54.375 1 -696.875 26.46 17.0165 0 1 -0
-100 1 -665 24.0539 15.3355 0.0361346 0.999347 -0
-52.5 1 -665 26.5589 15.3355 0 1 -0
-53.0211 1 -691.076 26.5314 16.7107 0 1 -0
-100 1 -665 24.0539 15.3355 0.0361346 0.999347 -0
-54.375 1 -696.875 26.46 17.0165 0 1 -0
-56.4925 1 -701.632 26.3483 17.2674 0 1 -0
-100 1 -665 24.0539 15.3355 0.0361346 0.999347 -0
-59.7206 1 -705.835 26.1781 17.489 0 1 -0
-63.6452 1 -708.646 25.9711 17.6372 0 1 -0
-100 1 -665 24.0539 15.3355 0.0361346 0.999347 -0
-68.125 1 -710.625 25.7348 17.7416 0 1 -0
-73.7849 1 -711.979 25.4364 17.813 0 1 -0
-100 1 -665 24.0539 15.3355 0.0361346 0.999347 -0
-52.5 1 -1100 -7.4971 3.60183 0 1 -0
-100 1 -805 -23.054 6.10675 0.0361346 0.999347 -0
-52.5 1 -805 -23.054 3.60182 0 1 -0
-52.5 1 -1100 -7.4971 3.60183 0 1 -0
-100 1 -1100 -7.4971 6.10675 0.0361346 0.999347 -0
-100 1 -805 -23.054 6.10675 0.0361346 0.999347 -0
-100 1 -757.5 -25.5589 6.10675 0.0361346 0.999347 -0
-73.7849 1 -758.021 -25.5314 4.72429 0 1 -0
-100 1 -805 -23.054 6.10675 0.0361346 0.999347 -0
-59.7206 1 -764.165 -25.2074 3.98261 0 1 -0
-56.4925 1 -768.368 -24.9858 3.81237 0 1 -0
-100 1 -805 -23.054 6.10675 0.0361346 0.999347 -0
-68.125 1 -759.375 -25.46 4.42581 0 1 -0
-63.6452 1 -761.354 -25.3557 4.18957 0 1 -0
-100 1 -805 -23.054 6.10675 0.0361346 0.999347 -0
-54.375 1 -773.125 -24.7349 3.7007 0 1 -0
-53.0211 1 -778.924 -24.4291 3.6293 0 1 -0
-100 1 -805 -23.054 6.10675 0.0361346 0.999347 -0
-53.0211 1 -778.924 -24.4291 3.6293 0 1 -0
-52.5 1 -805 -23.054 3.60182 0 1 -0
-100 1 -805 -23.054 6.10675 0.0361346 0.999347 -0
-56.4925 1 -768.368 -24.9858 3.81237 0 1 -0
-54.375 1 -773.125 -24.7349 3.7007 0 1 -0
-100 1 -805 -23.054 6.10675 0.0361346 0.999347 -0
-63.6452 1 -761.354 -25.3557 4.18957 0 1 -0
-59.7206 1 -764.165 -25.2074 3.98261 0 1 -0
-100 1 -805 -23.054 6.10675 0.0361346 0.999347 -0
-73.7849 1 -758.021 -25.5314 4.72429 0 1 -0
-68.125 1 -759.375 -25.46 4.42581 0 1 -0
-100 1 -805 -23.054 6.10675 0.0361346 0.999347 -0
-423.5 2.56339 -490 6.95597 6.10673 0 1 -0
-422.979 2.56339 -463.785 6.98345 4.72427 0 1 -0
-376 2.56339 -490 9.46089 6.10675 0.0361346 0.999347 -0
-416.835 2.56339 -449.721 7.30748 3.98259 0 1 -0
-412.632 2.56339 -446.493 7.52908 3.81236 0 1 -0
-376 2.56339 -490 9.46089 6.10675 0.0361346 0.999347 -0
-421.625 2.56339 -458.125 7.05486 4.42579 0 1 -0
-419.646 2.56339 -453.645 7.1592 4.18955 0 1 -0
-376 2.56339 -490 9.46089 6.10675 0.0361346 0.999347 -0
-407.875 2.56339 -444.375 7.77997 3.70069 0 1 -0
-402.076 2.56339 -443.021 8.08577 3.62929 0 1 -0
-376 2.56339 -490 9.46089 6.10675 0.0361346 0.999347 -0
-402.076 2.56339 -443.021 8.08577 3.62929 0 1 -0
-376 2.56339 -442.5 9.46091 3.60182 0.0361346 0.999347 -0
-376 2.56339 -490 9.46089 6.10675 0.0361346 0.999347 -0
-412.632 2.56339 -446.493 7.52908 3.81236 0 1 -0
-407.875 2.56339 -444.375 7.77997 3.70069 0 1 -0
-376 2.56339 -490 9.46089 6.10675 0.0361346 0.999347 -0
-419.646 2.56339 -453.645 7.1592 4.18955 0 1 -0
-416.835 2.56339 -449.721 7.30748 3.98259 0 1 -0
-376 2.56339 -490 9.46089 6.10675 0.0361346 0.999347 -0
-422.979 2.56339 -463.785 6.98345 4.72427 0 1 -0
-421.625 2.56339 -458.125 7.05486 4.42579 0 1 -0
-376 2.56339 -490 9.46089 6.10675 0.0361346 0.999347 -0
-422.979 2.56339 -691.215 6.98337 16.7178 0 1 -0
-423.5 2.56339 -665 6.9559 15.3354 0 1 -0
-376 2.56339 -665 9.46082 15.3354 0.0361346 0.999347 -0
-412.632 2.56339 -708.507 7.52898 17.6298 0 1 -0
-416.835 2.56339 -705.279 7.30738 17.4595 0 1 -0
-376 2.56339 -665 9.46082 15.3354 0.0361346 0.999347 -0
-419.646 2.56339 -701.355 7.15911 17.2526 0 1 -0
-421.625 2.56339 -696.875 7.05477 17.0163 0 1 -0
-376 2.56339 -665 9.46082 15.3354 0.0361346 0.999347 -0
-402.076 2.56339 -711.979 8.08566 17.8128 0 1 -0
-407.875 2.56339 -710.625 7.77987 17.7414 0 1 -0
-376 2.56339 -665 9.46082 15.3354 0.0361346 0.999347 -0
-376 2.56339 -712.5 9.4608 17.8403 0.0361346 0.999347 -0
-402.076 2.56339 -711.979 8.08566 17.8128 0 1 -0
-376 2.56339 -665 9.46082 15.3354 0.0361346 0.999347 -0
-407.875 2.56339 -710.625 7.77987 17.7414 0 1 -0
-412.632 2.56339 -708.507 7.52898 17.6298 0 1 -0
-376 2.56339 -665 9.46082 15.3354 0.0361346 0.999347 -0
-416.835 2.56339 -705.279 7.30738 17.4595 0 1 -0
-419.646 2.56339 -701.355 7.15911 17.2526 0 1 -0
-376 2.56339 -665 9.46082 15.3354 0.0361346 0.999347 -0
-421.625 2.56339 -696.875 7.05477 17.0163 0 1 -0
-422.979 2.56339 -691.215 6.98337 16.7178 0 1 -0
-376 2.56339 -665 9.46082 15.3354 0.0361346 0.999347 -0
-100 1 -712.5 24.0539 17.8405 0.0361346 0.999347 -0
-376 2.56339 -665 9.46082 15.3354 0.0361346 0.999347 -0
-100 1 -665 24.0539 15.3355 0.0361346 0.999347 -0
-100 1 -712.5 24.0539 17.8405 0.0361346 0.999347 -0
-376 2.56339 -712.5 9.4608 17.8403 0.0361346 0.999347 -0
-376 2.56339 -665 9.46082 15.3354 0.0361346 0.999347 -0
-376 2.56339 -805 -23.054 20.6999 0.0361346 0.999347 -0
-100 1 -757.5 -25.5589 6.10675 0.0361346 0.999347 -0
-100 1 -805 -23.054 6.10675 0.0361346 0.999347 -0
-376 2.56339 -805 -23.054 20.6999 0.0361346 0.999347 -0
-376 2.56339 -757.5 -25.5589 20.6999 0.0361346 0.999347 -0
-100 1 -757.5 -25.5589 6.10675 0.0361346 0.999347 -0
-376 2.56339 -665 9.46082 15.3354 0.0361346 0.999347 -0
-423.5 2.56339 -490 6.95597 6.10673 0 1 -0
-376 2.56339 -490 9.46089 6.10675 0.0361346 0.999347 -0
-376 2.56339 -665 9.46082 15.3354 0.0361346 0.999347 -0
-423.5 2.56339 -665 6.9559 15.3354 0 1 -0
-423.5 2.56339 -490 6.95597 6.10673 0 1 -0
-100 1 -442.5 24.054 3.60193 0.0361346 0.999347 -0
-73.7849 1 -443.021 25.4365 3.62942 0 1 -0
-100 1 -490 24.054 6.10685 0.0361346 0.999347 -0
-59.7206 1 -449.165 26.1782 3.95344 0 1 -0
-56.4925 1 -453.368 26.3484 4.17504 0 1 -0
-100 1 -490 24.054 6.10685 0.0361346 0.999347 -0
-68.125 1 -444.375 25.7349 3.70082 0 1 -0
-63.6452 1 -446.354 25.9712 3.80517 0 1 -0
-100 1 -490 24.054 6.10685 0.0361346 0.999347 -0
-54.375 1 -458.125 26.4601 4.42593 0 1 -0
-53.0211 1 -463.924 26.5315 4.73173 0 1 -0
-100 1 -490 24.054 6.10685 0.0361346 0.999347 -0
-53.0211 1 -463.924 26.5315 4.73173 0 1 -0
-52.5 1 -490 26.5589 6.10687 0 1 -0
-100 1 -490 24.054 6.10685 0.0361346 0.999347 -0
-56.4925 1 -453.368 26.3484 4.17504 0 1 -0
-54.375 1 -458.125 26.4601 4.42593 0 1 -0
-100 1 -490 24.054 6.10685 0.0361346 0.999347 -0
-63.6452 1 -446.354 25.9712 3.80517 0 1 -0
-59.7206 1 -449.165 26.1782 3.95344 0 1 -0
-100 1 -490 24.054 6.10685 0.0361346 0.999347 -0
-73.7849 1 -443.021 25.4365 3.62942 0 1 -0
-68.125 1 -444.375 25.7349 3.70082 0 1 -0
-100 1 -490 24.054 6.10685 0.0361346 0.999347 -0
-376 2.56339 -490 9.46089 6.10675 0.0361346 0.999347 -0
-100 1 -442.5 24.054 3.60193 0.0361346 0.999347 -0
-100 1 -490 24.054 6.10685 0.0361346 0.999347 -0
-376 2.56339 -490 9.46089 6.10675 0.0361346 0.999347 -0
-376 2.56339 -442.5 9.46091 3.60182 0.0361346 0.999347 -0
-100 1 -442.5 24.054 3.60193 0.0361346 0.999347 -0
-100 1 -805 -23.054 6.10675 0.0361346 0.999347 -0
-376 2.56339 -1100 -7.4971 20.6998 0.0361346 0.999347 -0
-376 2.56339 -805 -23.054 20.6999 0.0361346 0.999347 -0
-100 1 -805 -23.054 6.10675 0.0361346 0.999347 -0
-100 1 -1100 -7.4971 6.10675 0.0361346 0.999347 -0
-376 2.56339 -1100 -7.4971 20.6998 0.0361346 0.999347 -0
-100 1 -665 24.0539 15.3355 0.0361346 0.999347 -0
-376 2.56339 -490 9.46089 6.10675 0.0361346 0.999347 -0
-100 1 -490 24.054 6.10685 0.0361346 0.999347 -0
-100 1 -665 24.0539 15.3355 0.0361346 0.999347 -0
-376 2.56339 -665 9.46082 15.3354 0.0361346 0.999347 -0
-376 2.56339 -490 9.46089 6.10675 0.0361346 0.999347 -0
-376 2.56339 -1100 -7.4971 20.6998 0.0361346 0.999347 -0
-423.5 2.56339 -805 -23.054 23.2048 0 1 -0
-376 2.56339 -805 -23.054 20.6999 0.0361346 0.999347 -0
-376 2.56339 -1100 -7.4971 20.6998 0.0361346 0.999347 -0
-423.5 2.56339 -1100 -7.4971 23.2048 0 1 -0
-423.5 2.56339 -805 -23.054 23.2048 0 1 -0
-73.7849 1 -1148.23 -4.95373 4.72429 0 1 -0
-100 1 -1148.75 -4.92626 6.10675 0.0361346 0.999347 -0
-100 1 -1100 -7.4971 6.10675 0.0361346 0.999347 -0
-56.4925 1 -1137.88 -5.49936 3.81238 0 1 -0
-59.7206 1 -1142.08 -5.27775 3.98261 0 1 -0
-100 1 -1100 -7.4971 6.10675 0.0361346 0.999347 -0
-63.6452 1 -1144.9 -5.12949 4.18957 0 1 -0
-68.125 1 -1146.88 -5.02513 4.42582 0 1 -0
-100 1 -1100 -7.4971 6.10675 0.0361346 0.999347 -0
-53.0211 1 -1127.33 -6.05604 3.62931 0 1 -0
-54.375 1 -1133.13 -5.75025 3.70071 0 1 -0
-100 1 -1100 -7.4971 6.10675 0.0361346 0.999347 -0
-52.5 1 -1100 -7.4971 3.60183 0 1 -0
-53.0211 1 -1127.33 -6.05604 3.62931 0 1 -0
-100 1 -1100 -7.4971 6.10675 0.0361346 0.999347 -0
-54.375 1 -1133.13 -5.75025 3.70071 0 1 -0
-56.4925 1 -1137.88 -5.49936 3.81238 0 1 -0
-100 1 -1100 -7.4971 6.10675 0.0361346 0.999347 -0
-59.7206 1 -1142.08 -5.27775 3.98261 0 1 -0
-63.6452 1 -1144.9 -5.12949 4.18957 0 1 -0
-100 1 -1100 -7.4971 6.10675 0.0361346 0.999347 -0
-68.125 1 -1146.88 -5.02513 4.42582 0 1 -0
-73.7849 1 -1148.23 -4.95373 4.72429 0 1 -0
-100 1 -1100 -7.4971 6.10675 0.0361346 0.999347 -0
-422.979 2.56339 -1127.46 -6.04872 23.1773 0 1 -0
-423.5 2.56339 -1100 -7.4971 23.2048 0 1 -0
-376 2.56339 -1100 -7.4971 20.6998 0.0361346 0.999347 -0
-412.632 2.56339 -1144.76 -5.13681 22.6317 0 1 -0
-416.835 2.56339 -1141.53 -5.30704 22.8533 0 1 -0
-376 2.56339 -1100 -7.4971 20.6998 0.0361346 0.999347 -0
-419.646 2.56339 -1137.6 -5.514 23.0015 0 1 -0
-421.625 2.56339 -1133.13 -5.75025 23.1059 0 1 -0
-376 2.56339 -1100 -7.4971 20.6998 0.0361346 0.999347 -0
-402.076 2.56339 -1148.23 -4.95374 22.075 0 1 -0
-407.875 2.56339 -1146.88 -5.02514 22.3808 0 1 -0
-376 2.56339 -1100 -7.4971 20.6998 0.0361346 0.999347 -0
-376 2.56339 -1148.75 -4.92626 20.6998 0.0361346 0.999347 -0
-402.076 2.56339 -1148.23 -4.95374 22.075 0 1 -0
-376 2.56339 -1100 -7.4971 20.6998 0.0361346 0.999347 -0
-407.875 2.56339 -1146.88 -5.02514 22.3808 0 1 -0
-412.632 2.56339 -1144.76 -5.13681 22.6317 0 1 -0
-376 2.56339 -1100 -7.4971 20.6998 0.0361346 0.999347 -0
-416.835 2.56339 -1141.53 -5.30704 22.8533 0 1 -0
-419.646 2.56339 -1137.6 -5.514 23.0015 0 1 -0
-376 2.56339 -1100 -7.4971 20.6998 0.0361346 0.999347 -0
-421.625 2.56339 -1133.13 -5.75025 23.1059 0 1 -0
-422.979 2.56339 -1127.46 -6.04872 23.1773 0 1 -0
-376 2.56339 -1100 -7.4971 20.6998 0.0361346 0.999347 -0
-100 1 -1148.75 -4.92626 6.10675 0.0361346 0.999347 -0
-376 2.56339 -1100 -7.4971 20.6998 0.0361346 0.999347 -0
-100 1 -1100 -7.4971 6.10675 0.0361346 0.999347 -0
-100 1 -1148.75 -4.92626 6.10675 0.0361346 0.999347 -0
-376 2.56339 -1148.75 -4.92626 20.6998 0.0361346 0.999347 -0
-376 2.56339 -1100 -7.4971 20.6998 0.0361346 0.999347 -0
115.354 0.999999 -453.645 7.1592 4.18955 0 1 -0
118.165 0.999999 -449.721 7.30748 3.98259 0 1 -0
159 0.999999 -490 9.46089 6.10675 0 1 -0
122.368 0.999999 -446.493 7.52908 3.81236 0 1 -0
127.125 0.999999 -444.375 7.77997 3.70069 0 1 -0
159 0.999999 -490 9.46089 6.10675 0 1 -0
132.924 0.999999 -443.021 8.08577 3.62929 0 1 -0
159 0.999999 -442.5 9.46091 3.60182 0 1 -0
159 0.999999 -490 9.46089 6.10675 0 1 -0
127.125 0.999999 -444.375 7.77997 3.70069 0 1 -0
132.924 0.999999 -443.021 8.08577 3.62929 0 1 -0
159 0.999999 -490 9.46089 6.10675 0 1 -0
113.375 0.999999 -458.125 7.05486 4.42579 0 1 -0
115.354 0.999999 -453.645 7.1592 4.18955 0 1 -0
159 0.999999 -490 9.46089 6.10675 0 1 -0
118.165 0.999999 -449.721 7.30748 3.98259 0 1 -0
122.368 0.999999 -446.493 7.52908 3.81236 0 1 -0
159 0.999999 -490 9.46089 6.10675 0 1 -0
111.5 0.999999 -490 6.95597 6.10673 0 1 -0
112.021 0.999999 -463.785 6.98345 4.72427 0 1 -0
159 0.999999 -490 9.46089 6.10675 0 1 -0
356.215 1 -758.021 -25.5314 4.72429 0 1 -0
361.875 1 -759.375 -25.46 4.42581 0 1 -0
330 1 -805 -23.054 6.10675 0 1 -0
366.355 1 -761.354 -25.3557 4.18957 0 1 -0
370.279 1 -764.165 -25.2074 3.98261 0 1 -0
330 1 -805 -23.054 6.10675 0 1 -0
373.507 1 -768.368 -24.9858 3.81237 0 1 -0
375.625 1 -773.125 -24.7349 3.7007 0 1 -0
330 1 -805 -23.054 6.10675 0 1 -0
376.979 1 -778.924 -24.4291 3.6293 0 1 -0
377.5 1 -805 -23.054 3.60182 0 1 -0
330 1 -805 -23.054 6.10675 0 1 -0
375.625 1 -773.125 -24.7349 3.7007 0 1 -0
376.979 1 -778.924 -24.4291 3.6293 0 1 -0
330 1 -805 -23.054 6.10675 0 1 -0
361.875 1 -759.375 -25.46 4.42581 0 1 -0
366.355 1 -761.354 -25.3557 4.18957 0 1 -0
330 1 -805 -23.054 6.10675 0 1 -0
370.279 1 -764.165 -25.2074 3.98261 0 1 -0
373.507 1 -768.368 -24.9858 3.81237 0 1 -0
330 1 -805 -23.054 6.10675 0 1 -0
330 1 -757.5 -25.5589 6.10675 0 1 -0
356.215 1 -758.021 -25.5314 4.72429 0 1 -0
330 1 -805 -23.054 6.10675 0 1 -0
377.5 1 -1100 -7.4971 3.60183 0 1 -0
330 1 -805 -23.054 6.10675 0 1 -0
377.5 1 -805 -23.054 3.60182 0 1 -0
377.5 1 -1100 -7.4971 3.60183 0 1 -0
330 1 -1100 -7.4971 6.10675 0 1 -0
330 1 -805 -23.054 6.10675 0 1 -0
361.875 1 -710.625 25.7348 17.7416 0 1 -0
356.215 1 -711.979 25.4364 17.813 0 1 -0
330 1 -665 24.0539 15.3355 0 1 -0
370.279 1 -705.835 26.1781 17.489 0 1 -0
366.355 1 -708.646 25.9711 17.6372 0 1 -0
330 1 -665 24.0539 15.3355 0 1 -0
375.625 1 -696.875 26.46 17.0165 0 1 -0
373.507 1 -701.632 26.3483 17.2674 0 1 -0
330 1 -665 24.0539 15.3355 0 1 -0
377.5 1 -665 26.5589 15.3355 0 1 -0
376.979 1 -691.076 26.5314 16.7107 0 1 -0
330 1 -665 24.0539 15.3355 0 1 -0
376.979 1 -691.076 26.5314 16.7107 0 1 -0
375.625 1 -696.875 26.46 17.0165 0 1 -0
330 1 -665 24.0539 15.3355 0 1 -0
366.355 1 -708.646 25.9711 17.6372 0 1 -0
361.875 1 -710.625 25.7348 17.7416 0 1 -0
330 1 -665 24.0539 15.3355 0 1 -0
373.507 1 -701.632 26.3483 17.2674 0 1 -0
370.279 1 -705.835 26.1781 17.489 0 1 -0
330 1 -665 24.0539 15.3355 0 1 -0
356.215 1 -711.979 25.4364 17.813 0 1 -0
330 1 -712.5 24.0539 17.8405 0 1 -0
330 1 -665 24.0539 15.3355 0 1 -0
330 1 -665 24.0539 15.3355 0 1 -0
377.5 1 -490 26.5589 6.10687 0 1 -0
377.5 1 -665 26.5589 15.3355 0 1 -0
330 1 -665 24.0539 15.3355 0 1 -0
330 1 -490 24.054 6.10685 0 1 -0
377.5 1 -490 26.5589 6.10687 0 1 -0
112.021 0.999999 -778.785 -24.4365 23.1773 0 1 -0
113.375 0.999999 -773.125 -24.7349 23.1059 0 1 -0
159 0.999999 -805 -23.054 20.6999 0 1 -0
115.354 0.999999 -768.645 -24.9712 23.0016 0 1 -0
118.165 0.999999 -764.721 -25.1781 22.8533 0 1 -0
159 0.999999 -805 -23.054 20.6999 0 1 -0
122.368 0.999999 -761.493 -25.3484 22.6317 0 1 -0
127.125 0.999999 -759.375 -25.46 22.3808 0 1 -0
159 0.999999 -805 -23.054 20.6999 0 1 -0
132.924 0.999999 -758.021 -25.5314 22.075 0 1 -0
159 0.999999 -757.5 -25.5589 20.6999 0 1 -0
159 0.999999 -805 -23.054 20.6999 0 1 -0
127.125 0.999999 -759.375 -25.46 22.3808 0 1 -0
132.924 0.999999 -758.021 -25.5314 22.075 0 1 -0
159 0.999999 -805 -23.054 20.6999 0 1 -0
113.375 0.999999 -773.125 -24.7349 23.1059 0 1 -0
115.354 0.999999 -768.645 -24.9712 23.0016 0 1 -0
159 0.999999 -805 -23.054 20.6999 0 1 -0
118.165 0.999999 -764.721 -25.1781 22.8533 0 1 -0
122.368 0.999999 -761.493 -25.3484 22.6317 0 1 -0
159 0.999999 -805 -23.054 20.6999 0 1 -0
111.5 0.999999 -805 -23.054 23.2048 0 1 -0
112.021 0.999999 -778.785 -24.4365 23.1773 0 1 -0
159 0.999999 -805 -23.054 20.6999 0 1 -0
112.021 0.999999 -463.785 6.98345 4.72427 0 1 -0
113.375 0.999999 -458.125 7.05486 4.42579 0 1 -0
159 0.999999 -490 9.46089 6.10675 0 1 -0
112.021 0.999999 -691.215 6.98337 16.7178 0 1 -0
111.5 0.999999 -665 6.9559 15.3354 0 1 -0
159 0.999994 -665 9.46082 15.3354 0 1 -0
122.368 0.999999 -708.507 7.52898 17.6298 0 1 -0
118.165 0.999999 -705.279 7.30738 17.4595 0 1 -0
159 0.999994 -665 9.46082 15.3354 0 1 -0
115.354 0.999999 -701.355 7.15911 17.2526 0 1 -0
113.375 0.999999 -696.875 7.05477 17.0163 0 1 -0
159 0.999994 -665 9.46082 15.3354 0 1 -0
132.924 0.999999 -711.979 8.08566 17.8128 0 1 -0
127.125 0.999999 -710.625 7.77987 17.7414 0 1 -0
159 0.999994 -665 9.46082 15.3354 0 1 -0
159 0.999999 -712.5 9.4608 17.8403 0 1 -0
132.924 0.999999 -711.979 8.08566 17.8128 0 1 -0
159 0.999994 -665 9.46082 15.3354 0 1 -0
127.125 0.999999 -710.625 7.77987 17.7414 0 1 -0
122.368 0.999999 -708.507 7.52898 17.6298 0 1 -0
159 0.999994 -665 9.46082 15.3354 0 1 -0
118.165 0.999999 -705.279 7.30738 17.4595 0 1 -0
115.354 0.999999 -701.355 7.15911 17.2526 0 1 -0
159 0.999994 -665 9.46082 15.3354 0 1 -0
113.375 0.999999 -696.875 7.05477 17.0163 0 1 -0
112.021 0.999999 -691.215 6.98337 16.7178 0 1 -0
159 0.999994 -665 9.46082 15.3354 0 1 -0
330 1 -712.5 24.0539 17.8405 0 1 -0
159 0.999994 -665 9.46082 15.3354 0 1 -0
330 1 -665 24.0539 15.3355 0 1 -0
330 1 -712.5 24.0539 17.8405 0 1 -0
159 0.999999 -712.5 9.4608 17.8403 0 1 -0
159 0.999994 -665 9.46082 15.3354 0 1 -0
159 0.999999 -805 -23.054 20.6999 0 1 -0
330 1 -757.5 -25.5589 6.10675 0 1 -0
330 1 -805 -23.054 6.10675 0 1 -0
159 0.999999 -805 -23.054 20.6999 0 1 -0
159 0.999999 -757.5 -25.5589 20.6999 0 1 -0
330 1 -757.5 -25.5589 6.10675 0 1 -0
159 0.999994 -665 9.46082 15.3354 0 1 -0
111.5 0.999999 -490 6.95597 6.10673 0 1 -0
159 0.999999 -490 9.46089 6.10675 0 1 -0
159 0.999994 -665 9.46082 15.3354 0 1 -0
111.5 0.999999 -665 6.9559 15.3354 0 1 -0
111.5 0.999999 -490 6.95597 6.10673 0 1 -0
330 1 -442.5 24.054 3.60193 0 1 -0
356.215 1 -443.021 25.4365 3.62942 0 1 -0
330 1 -490 24.054 6.10685 0 1 -0
370.279 1 -449.165 26.1782 3.95344 0 1 -0
373.507 1 -453.368 26.3484 4.17504 0 1 -0
330 1 -490 24.054 6.10685 0 1 -0
361.875 1 -444.375 25.7349 3.70082 0 1 -0
366.355 1 -446.354 25.9712 3.80517 0 1 -0
330 1 -490 24.054 6.10685 0 1 -0
375.625 1 -458.125 26.4601 4.42593 0 1 -0
376.979 1 -463.924 26.5315 4.73173 0 1 -0
330 1 -490 24.054 6.10685 0 1 -0
376.979 1 -463.924 26.5315 4.73173 0 1 -0
377.5 1 -490 26.5589 6.10687 0 1 -0
330 1 -490 24.054 6.10685 0 1 -0
373.507 1 -453.368 26.3484 4.17504 0 1 -0
375.625 1 -458.125 26.4601 4.42593 0 1 -0
330 1 -490 24.054 6.10685 0 1 -0
366.355 1 -446.354 25.9712 3.80517 0 1 -0
370.279 1 -449.165 26.1782 3.95344 0 1 -0
330 1 -490 24.054 6.10685 0 1 -0
356.215 1 -443.021 25.4365 3.62942 0 1 -0
361.875 1 -444.375 25.7349 3.70082 0 1 -0
330 1 -490 24.054 6.10685 0 1 -0
159 0.999999 -490 9.46089 6.10675 0 1 -0
330 1 -442.5 24.054 3.60193 0 1 -0
330 1 -490 24.054 6.10685 0 1 -0
159 0.999999 -490 9.46089 6.10675 0 1 -0
159 0.999999 -442.5 9.46091 3.60182 0 1 -0
330 1 -442.5 24.054 3.60193 0 1 -0
330 1 -805 -23.054 6.10675 0 1 -0
159 0.999994 -1100 -7.4971 20.6998 0 1 -0
159 0.999999 -805 -23.054 20.6999 0 1 -0
330 1 -805 -23.054 6.10675 0 1 -0
330 1 -1100 -7.4971 6.10675 0 1 -0
159 0.999994 -1100 -7.4971 20.6998 0 1 -0
330 1 -665 24.0539 15.3355 0 1 -0
159 0.999999 -490 9.46089 6.10675 0 1 -0
330 1 -490 24.054 6.10685 0 1 -0
330 1 -665 24.0539 15.3355 0 1 -0
159 0.999994 -665 9.46082 15.3354 0 1 -0
159 0.999999 -490 9.46089 6.10675 0 1 -0
159 0.999994 -1100 -7.4971 20.6998 0 1 -0
111.5 0.999999 -805 -23.054 23.2048 0 1 -0
159 0.999999 -805 -23.054 20.6999 0 1 -0
159 0.999994 -1100 -7.4971 20.6998 0 1 -0
111.5 0.999999 -1100 -7.4971 23.2048 0 1 -0
111.5 0.999999 -805 -23.054 23.2048 0 1 -0
356.215 1 -1148.23 -4.95373 4.72429 0 1 -0
330 1 -1148.75 -4.92626 6.10675 0 1 -0
330 1 -1100 -7.4971 6.10675 0 1 -0
373.507 1 -1137.88 -5.49936 3.81238 0 1 -0
370.279 1 -1142.08 -5.27775 3.98261 0 1 -0
330 1 -1100 -7.4971 6.10675 0 1 -0
366.355 1 -1144.9 -5.12949 4.18957 0 1 -0
361.875 1 -1146.88 -5.02513 4.42582 0 1 -0
330 1 -1100 -7.4971 6.10675 0 1 -0
376.979 1 -1127.33 -6.05604 3.62931 0 1 -0
375.625 1 -1133.13 -5.75025 3.70071 0 1 -0
330 1 -1100 -7.4971 6.10675 0 1 -0
377.5 1 -1100 -7.4971 3.60183 0 1 -0
376.979 1 -1127.33 -6.05604 3.62931 0 1 -0
330 1 -1100 -7.4971 6.10675 0 1 -0
375.625 1 -1133.13 -5.75025 3.70071 0 1 -0
373.507 1 -1137.88 -5.49936 3.81238 0 1 -0
330 1 -1100 -7.4971 6.10675 0 1 -0
370.279 1 -1142.08 -5.27775 3.98261 0 1 -0
366.355 1 -1144.9 -5.12949 4.18957 0 1 -0
330 1 -1100 -7.4971 6.10675 0 1 -0
361.875 1 -1146.88 -5.02513 4.42582 0 1 -0
356.215 1 -1148.23 -4.95373 4.72429 0 1 -0
330 1 -1100 -7.4971 6.10675 0 1 -0
112.021 0.999999 -1127.46 -6.04872 23.1773 0 1 -0
111.5 0.999999 -1100 -7.4971 23.2048 0 1 -0
159 0.999994 -1100 -7.4971 20.6998 0 1 -0
122.368 0.999999 -1144.76 -5.13681 22.6317 0 1 -0
118.165 0.999999 -1141.53 -5.30704 22.8533 0 1 -0
159 0.999994 -1100 -7.4971 20.6998 0 1 -0
115.354 0.999999 -1137.6 -5.514 23.0015 0 1 -0
113.375 0.999999 -1133.13 -5.75025 23.1059 0 1 -0
159 0.999994 -1100 -7.4971 20.6998 0 1 -0
132.924 0.999999 -1148.23 -4.95374 22.075 0 1 -0
127.125 0.999999 -1146.88 -5.02514 22.3808 0 1 -0
159 0.999994 -1100 -7.4971 20.6998 0 1 -0
159 0.999999 -1148.75 -4.92626 20.6998 0 1 -0
132.924 0.999999 -1148.23 -4.95374 22.075 0 1 -0
159 0.999994 -1100 -7.4971 20.6998 0 1 -0
127.125 0.999999 -1146.88 -5.02514 22.3808 0 1 -0
122.368 0.999999 -1144.76 -5.13681 22.6317 0 1 -0
159 0.999994 -1100 -7.4971 20.6998 0 1 -0
118.165 0.999999 -1141.53 -5.30704 22.8533 0 1 -0
115.354 0.999999 -1137.6 -5.514 23.0015 0 1 -0
159 0.999994 -1100 -7.4971 20.6998 0 1 -0
113.375 0.999999 -1133.13 -5.75025 23.1059 0 1 -0
112.021 0.999999 -1127.46 -6.04872 23.1773 0 1 -0
159 0.999994 -1100 -7.4971 20.6998 0 1 -0
330 1 -1148.75 -4.92626 6.10675 0 1 -0
159 0.999994 -1100 -7.4971 20.6998 0 1 -0
330 1 -1100 -7.4971 6.10675 0 1 -0
330 1 -1148.75 -4.92626 6.10675 0 1 -0
159 0.999999 -1148.75 -4.92626 20.6998 0 1 -0
159 0.999994 -1100 -7.4971 20.6998 0 1 -0
425 1 400 -27.8755 51.6042 0 0.99997 0.00769067
-100 -1.49012e-07 465 5.75939 55.7715 0.0363786 0.99922 0.015351
425 -1.49012e-07 465 -27.8759 55.7691 3.05187e-05 0.999883 0.0153204
425 1 400 -27.8755 51.6042 0 0.99997 0.00769067
-100 1 400 5.75964 51.6067 0.0364089 0.999308 0.00766022
-100 -1.49012e-07 465 5.75939 55.7715 0.0363786 0.99922 0.015351
463.042 1 395.959 -30.3128 51.3449 0.00271618 0.999982 0.00527977
458 1 398 -29.9898 51.4757 0.00173957 0.99998 0.00610377
525 -1.49012e-07 465 -34.2829 55.7686 0.00817912 0.999928 0.00872847
470.82 1 388.32 -30.811 50.8554 0.00573754 0.999979 0.00296032
467.252 1 393.085 -30.5825 51.1607 0.00418109 0.999982 0.00427264
525 -1.49012e-07 465 -34.2829 55.7686 0.00817912 0.999928 0.00872847
473 1 383 -30.9507 50.5145 0.00711084 0.999973 0.00189215
470.82 1 388.32 -30.811 50.8554 0.00573754 0.999979 0.00296032
525 -1.49012e-07 465 -34.2829 55.7686 0.00817912 0.999928 0.00872847
525 -1.49012e-07 465 -34.2829 55.7686 0.00817912 0.999928 0.00872847
425 1 400 -27.8755 51.6042 0 0.99997 0.00769067
425 -1.49012e-07 465 -27.8759 55.7691 3.05187e-05 0.999883 0.0153204
525 -1.49012e-07 465 -34.2829 55.7686 0.00817912 0.999928 0.00872847
451.778 1 399.417 -29.5912 51.5666 0.00042726 0.999971 0.00762964
425 1 400 -27.8755 51.6042 0 0.99997 0.00769067
525 -1.49012e-07 350 -34.2832 48.4001 0.0198984 0.999802 3.0519e-05
474.416 1 376.639 -31.0414 50.1069 0.0098576 0.999951 0.000396746
525 -1.49012e-07 465 -34.2829 55.7686 0.00817912 0.999928 0.00872847
525 -1.49012e-07 350 -34.2832 48.4001 0.0198984 0.999802 3.0519e-05
475 1 350 -31.0788 48.4 0.0100102 0.99995 -0
474.416 1 376.639 -31.0414 50.1069 0.0098576 0.999951 0.000396746
474.416 1 376.639 -31.0414 50.1069 0.0098576 0.999951 0.000396746
473 1 383 -30.9507 50.5145 0.00711084 0.999973 0.00189215
525 -1.49012e-07 465 -34.2829 55.7686 0.00817912 0.999928 0.00872847
458 1 398 -29.9898 51.4757 0.00173957 0.99998 0.00610377
451.778 1 399.417 -29.5912 51.5666 0.00042726 0.999971 0.00762964
525 -1.49012e-07 465 -34.2829 55.7686 0.00817912 0.999928 0.00872847
467.252 1 393.085 -30.5825 51.1607 0.00418109 0.999982 0.00427264
463.042 1 395.959 -30.3128 51.3449 0.00271618 0.999982 0.00527977
525 -1.49012e-07 465 -34.2829 55.7686 0.00817912 0.999928 0.00872847
525 -1.49012e-07 350 -34.2832 48.4001 0.0198984 0.999802 3.0519e-05
475 1 -400 -31.0801 0.341558 0.00997967 0.99995 -0
475 1 350 -31.0788 48.4 0.0100102 0.99995 -0
525 -1.49012e-07 350 -34.2832 48.4001 0.0198984 0.999802 3.0519e-05
525 -1.49012e-07 -400 -34.2846 0.341638 0.0199899 0.9998 -0
475 1 -400 -31.0801 0.341558 0.00997967 0.99995 -0
-100 -1.49012e-07 465 5.75939 55.7715 0.0363786 0.99922 0.015351
-374 2.56339 400 23.3601 51.5879 0.0363785 0.999309 0.00766023
-374 1.56339 465 23.36 55.7525 0.0364091 0.999219 0.0153205
-100 -1.49012e-07 465 5.75939 55.7715 0.0363786 0.99922 0.015351
-100 1 400 5.75964 51.6067 0.0364089 0.999308 0.00766022
-374 2.56339 400 23.3601 51.5879 0.0363785 0.999309 0.00766023
-458 2.56339 398 28.7413 51.46 -0.00155647 0.999983 0.00567652
-463.042 2.56339 395.959 29.0643 51.3293 -0.00234996 0.999986 0.00473045
-550 1.56339 465 34.635 55.7525 -0.0071109 0.999951 0.00686675
-467.252 2.56339 393.085 29.334 51.1452 -0.00344865 0.999987 0.00369281
-470.82 2.56339 388.32 29.5625 50.8401 -0.0044863 0.999987 0.00238049
-550 1.56339 465 34.635 55.7525 -0.0071109 0.999951 0.00686675
-470.82 2.56339 388.32 29.5625 50.8401 -0.0044863 0.999987 0.00238049
-473 2.56339 383 29.7022 50.4994 -0.00524927 0.999985 0.00146491
-550 1.56339 465 34.635 55.7525 -0.0071109 0.999951 0.00686675
-374 2.56339 400 23.3601 51.5879 0.0363785 0.999309 0.00766023
-550 1.56339 465 34.635 55.7525 -0.0071109 0.999951 0.00686675
-374 1.56339 465 23.36 55.7525 0.0364091 0.999219 0.0153205
-374 2.56339 400 23.3601 51.5879 0.0363785 0.999309 0.00766023
-451.778 2.56339 399.417 28.3427 51.5507 -0.000335704 0.999971 0.00766016
-550 1.56339 465 34.635 55.7525 -0.0071109 0.999951 0.00686675
-474.416 2.56339 376.639 29.7929 50.0919 -0.00662257 0.999978 0.000335707
-550 1.56339 350 34.6352 48.3856 -0.0132756 0.999912 -0
-550 1.56339 465 34.635 55.7525 -0.0071109 0.999951 0.00686675
-474.416 2.56339 376.639 29.7929 50.0919 -0.00662257 0.999978 0.000335707
-475 2.56339 350 29.8304 48.3856 -0.00668361 0.999978 -0
-550 1.56339 350 34.6352 48.3856 -0.0132756 0.999912 -0
-473 2.56339 383 29.7022 50.4994 -0.00524927 0.999985 0.00146491
-474.416 2.56339 376.639 29.7929 50.0919 -0.00662257 0.999978 0.000335707
-550 1.56339 465 34.635 55.7525 -0.0071109 0.999951 0.00686675
-451.778 2.56339 399.417 28.3427 51.5507 -0.000335704 0.999971 0.00766016
-458 2.56339 398 28.7413 51.46 -0.00155647 0.999983 0.00567652
-550 1.56339 465 34.635 55.7525 -0.0071109 0.999951 0.00686675
-463.042 2.56339 395.959 29.0643 51.3293 -0.00234996 0.999986 0.00473045
-467.252 2.56339 393.085 29.334 51.1452 -0.00344865 0.999987 0.00369281
-550 1.56339 465 34.635 55.7525 -0.0071109 0.999951 0.00686675
-475 2.56339 -400 29.8301 0.34239 -0.00665309 0.999978 -0
-550 1.56339 350 34.6352 48.3856 -0.0132756 0.999912 -0
-475 2.56339 350 29.8304 48.3856 -0.00668361 0.999978 -0
-475 2.56339 -400 29.8301 0.34239 -0.00665309 0.999978 -0
-550 1.56339 -400 34.6348 0.342283 -0.0133061 0.999911 -0
-550 1.56339 350 34.6352 48.3856 -0.0132756 0.999912 -0
-100 -1.49012e-07 -1260 5.75703 -54.7715 0.0363789 0.999139 -0.0199596
425 1 -1210 -27.878 -51.5625 0 0.99995 -0.0100102
425 -1.49012e-07 -1260 -27.8785 -54.7666 3.0519e-05 0.999802 -0.0198984
-100 -1.49012e-07 -1260 5.75703 -54.7715 0.0363789 0.999139 -0.0199596
-100 1 -1210 5.75742 -51.5675 0.0364093 0.999287 -0.00997975
425 1 -1210 -27.878 -51.5625 0 0.99995 -0.0100102
458 1 -1208 -29.9922 -51.434 0.00204474 0.99997 -0.007416
463.042 1 -1205.96 -30.3152 -51.3032 0.00314343 0.999976 -0.00625633
525 -1.49012e-07 -1260 -34.2856 -54.7656 0.00970516 0.999906 -0.00970516
467.252 1 -1203.08 -30.5849 -51.1189 0.00466937 0.999977 -0.00491352
470.82 1 -1198.32 -30.8134 -50.8136 0.00622581 0.999975 -0.0032655
525 -1.49012e-07 -1260 -34.2856 -54.7656 0.00970516 0.999906 -0.00970516
470.82 1 -1198.32 -30.8134 -50.8136 0.00622581 0.999975 -0.0032655
473 1 -1193 -30.9531 -50.4727 0.00747704 0.99997 -0.00204474
525 -1.49012e-07 -1260 -34.2856 -54.7656 0.00970516 0.999906 -0.00970516
425 1 -1210 -27.878 -51.5625 0 0.99995 -0.0100102
525 -1.49012e-07 -1260 -34.2856 -54.7656 0.00970516 0.999906 -0.00970516
425 -1.49012e-07 -1260 -27.8785 -54.7666 3.0519e-05 0.999802 -0.0198984
425 1 -1210 -27.878 -51.5625 0 0.99995 -0.0100102
451.778 1 -1209.42 -29.5936 -51.5248 0.000457783 0.999951 -0.00988812
525 -1.49012e-07 -1260 -34.2856 -54.7656 0.00970516 0.999906 -0.00970516
474.416 1 -1186.64 -31.0438 -50.0651 0.00988812 0.999951 -0.000457783
525 -1.49012e-07 -1160 -34.2855 -48.3582 0.0198984 0.999802 -3.0519e-05
525 -1.49012e-07 -1260 -34.2856 -54.7656 0.00970516 0.999906 -0.00970516
474.416 1 -1186.64 -31.0438 -50.0651 0.00988812 0.999951 -0.000457783
475 1 -1160 -31.0811 -48.3582 0.0100102 0.99995 -0
525 -1.49012e-07 -1160 -34.2855 -48.3582 0.0198984 0.999802 -3.0519e-05
473 1 -1193 -30.9531 -50.4727 0.00747704 0.99997 -0.00204474
474.416 1 -1186.64 -31.0438 -50.0651 0.00988812 0.999951 -0.000457783
525 -1.49012e-07 -1260 -34.2856 -54.7656 0.00970516 0.999906 -0.00970516
451.778 1 -1209.42 -29.5936 -51.5248 0.000457783 0.999951 -0.00988812
458 1 -1208 -29.9922 -51.434 0.00204474 0.99997 -0.007416
525 -1.49012e-07 -1260 -34.2856 -54.7656 0.00970516 0.999906 -0.00970516
463.042 1 -1205.96 -30.3152 -51.3032 0.00314343 0.999976 -0.00625633
467.252 1 -1203.08 -30.5849 -51.1189 0.00466937 0.999977 -0.00491352
525 -1.49012e-07 -1260 -34.2856 -54.7656 0.00970516 0.999906 -0.00970516
475 1 -400 -31.0801 0.341558 0.00997967 0.99995 -0
525 -1.49012e-07 -1160 -34.2855 -48.3582 0.0198984 0.999802 -3.0519e-05
475 1 -1160 -31.0811 -48.3582 0.0100102 0.99995 -0
475 1 -400 -31.0801 0.341558 0.00997967 0.99995 -0
525 -1.49012e-07 -400 -34.2846 0.341638 0.0199899 0.9998 -0
525 -1.49012e-07 -1160 -34.2855 -48.3582 0.0198984 0.999802 -3.0519e-05
-374 2.56339 -1210 23.3578 -51.5438 0.0363788 0.999289 -0.00994924
-100 -1.49012e-07 -1260 5.75703 -54.7715 0.0363789 0.999139 -0.0199596
-374 1.56339 -1260 23.3576 -54.7476 0.0364094 0.999139 -0.0198985
-374 2.56339 -1210 23.3578 -51.5438 0.0363788 0.999289 -0.00994924
-100 1 -1210 5.75742 -51.5675 0.0364093 0.999287 -0.00997975
-100 -1.49012e-07 -1260 5.75703 -54.7715 0.0363789 0.999139 -0.0199596
-463.042 2.56339 -1205.96 29.062 -51.2854 -0.00268566 0.999981 -0.00552391
-458 2.56339 -1208 28.739 -51.416 -0.00183112 0.999975 -0.00683618
-550 1.56339 -1260 34.6325 -54.7479 -0.00814845 0.99994 -0.00735497
-470.82 2.56339 -1198.32 29.5602 -50.7962 -0.00476096 0.999985 -0.00262463
-467.252 2.56339 -1203.08 29.3316 -51.1013 -0.00378435 0.999984 -0.00415058
-550 1.56339 -1260 34.6325 -54.7479 -0.00814845 0.99994 -0.00735497
-473 2.56339 -1193 29.6999 -50.4554 -0.00546289 0.999984 -0.00155647
-470.82 2.56339 -1198.32 29.5602 -50.7962 -0.00476096 0.999985 -0.00262463
-550 1.56339 -1260 34.6325 -54.7479 -0.00814845 0.99994 -0.00735497
-550 1.56339 -1260 34.6325 -54.7479 -0.00814845 0.99994 -0.00735497
-374 2.56339 -1210 23.3578 -51.5438 0.0363788 0.999289 -0.00994924
-374 1.56339 -1260 23.3576 -54.7476 0.0364094 0.999139 -0.0198985
-550 1.56339 -1260 34.6325 -54.7479 -0.00814845 0.99994 -0.00735497
-451.778 2.56339 -1209.42 28.3403 -51.5067 -0.000366226 0.999951 -0.00991863
-374 2.56339 -1210 23.3578 -51.5438 0.0363788 0.999289 -0.00994924
-550 1.56339 -1160 34.633 -48.3419 -0.0132756 0.999912 -3.05186e-05
-474.416 2.56339 -1186.64 29.7907 -50.048 -0.00665309 0.999978 -0.000396744
-550 1.56339 -1260 34.6325 -54.7479 -0.00814845 0.99994 -0.00735497
-550 1.56339 -1160 34.633 -48.3419 -0.0132756 0.999912 -3.05186e-05
-475 2.56339 -1160 29.8282 -48.3416 -0.00668361 0.999978 -0
-474.416 2.56339 -1186.64 29.7907 -50.048 -0.00665309 0.999978 -0.000396744
-474.416 2.56339 -1186.64 29.7907 -50.048 -0.00665309 0.999978 -0.000396744
-473 2.56339 -1193 29.6999 -50.4554 -0.00546289 0.999984 -0.00155647
-550 1.56339 -1260 34.6325 -54.7479 -0.00814845 0.99994 -0.00735497
-458 2.56339 -1208 28.739 -51.416 -0.00183112 0.999975 -0.00683618
-451.778 2.56339 -1209.42 28.3403 -51.5067 -0.000366226 0.999951 -0.00991863
-550 1.56339 -1260 34.6325 -54.7479 -0.00814845 0.99994 -0.00735497
-467.252 2.56339 -1203.08 29.3316 -51.1013 -0.00378435 0.999984 -0.00415058
-463.042 2.56339 -1205.96 29.062 -51.2854 -0.00268566 0.999981 -0.00552391
-550 1.56339 -1260 34.6325 -54.7479 -0.00814845 0.99994 -0.00735497
-550 1.56339 -1160 34.633 -48.3419 -0.0132756 0.999912 -3.05186e-05
-475 2.56339 -400 29.8301 0.34239 -0.00665309 0.999978 -0
-475 2.56339 -1160 29.8282 -48.3416 -0.00668361 0.999978 -0
-550 1.56339 -1160 34.633 -48.3419 -0.0132756 0.999912 -3.05186e-05
-550 1.56339 -400 34.6348 0.342283 -0.0133061 0.999911 -0
-475 2.56339 -400 29.8301 0.34239 -0.00665309 0.999978 -0
