-376 148.65 82 1.8913 -0.891302 0.57735 0.57735 0.57735
-296 148.65 162 -0.8913 1.8913 -0.57735 0.57735 -0.57735
-296 148.65 82 -0.891303 -0.891299 -0.57735 0.57735 0.57735
-376 148.65 82 1.8913 -0.891302 0.57735 0.57735 0.57735
-376 148.65 162 1.8913 1.8913 0.57735 0.57735 -0.57735
-296 148.65 162 -0.8913 1.8913 -0.57735 0.57735 -0.57735
155 177.5 184 1.8913 -0.891302 0.57735 0.57735 -0.57735
235 177.5 104 -0.8913 1.8913 -0.57735 0.57735 0.57735
155 177.5 104 -0.891303 -0.891299 0.57735 0.57735 0.57735
155 177.5 184 1.8913 -0.891302 0.57735 0.57735 -0.57735
235 177.5 184 1.8913 1.8913 -0.57735 0.57735 -0.57735
235 177.5 104 -0.8913 1.8913 -0.57735 0.57735 0.57735
155 177.5 -268 1.8913 -0.891302 0.57735 0.57735 0.57735
235 177.5 -188 -0.8913 1.8913 -0.57735 0.57735 -0.57735
235 177.5 -268 -0.891303 -0.891299 -0.57735 0.57735 0.57735
155 177.5 -268 1.8913 -0.891302 0.57735 0.57735 0.57735
155 177.5 -188 1.8913 1.8913 0.57735 0.57735 -0.57735
235 177.5 -188 -0.8913 1.8913 -0.57735 0.57735 -0.57735
335 183.5 244 1.8913 -0.891302 -0.57735 0.57735 -0.57735
255 183.5 164 -0.8913 1.8913 0.57735 0.57735 0.57735
255 183.5 244 -0.891303 -0.891299 0.57735 0.57735 -0.57735
335 183.5 244 1.8913 -0.891302 -0.57735 0.57735 -0.57735
335 183.5 164 1.8913 1.8913 -0.57735 0.57735 0.57735
255 183.5 164 -0.8913 1.8913 0.57735 0.57735 0.57735
-276 183.5 -351 1.8913 -0.891302 0.57735 0.57735 0.57735
-196 183.5 -271 -0.8913 1.8913 -0.57735 0.57735 -0.57735
-196 183.5 -351 -0.891303 -0.891299 -0.57735 0.57735 0.57735
-276 183.5 -351 1.8913 -0.891302 0.57735 0.57735 0.57735
-276 183.5 -271 1.8913 1.8913 0.57735 0.57735 -0.57735
-196 183.5 -271 -0.8913 1.8913 -0.57735 0.57735 -0.57735
-196 183.5 162 1.8913 -0.891302 -0.57735 0.57735 -0.57735
-276 183.5 82 -0.8913 1.8913 0.57735 0.57735 0.57735
-276 183.5 162 -0.891303 -0.891299 0.57735 0.57735 -0.57735
-196 183.5 162 1.8913 -0.891302 -0.57735 0.57735 -0.57735
-196 183.5 82 1.8913 1.8913 -0.57735 0.57735 0.57735
-276 183.5 82 -0.8913 1.8913 0.57735 0.57735 0.57735
-96 177.5 -805 1.8913 -0.891302 -0.57735 0.57735 -0.57735
-176 177.5 -885 -0.8913 1.8913 0.57735 0.57735 0.57735
-176 177.5 -805 -0.891303 -0.891299 0.57735 0.57735 -0.57735
-96 177.5 -805 1.8913 -0.891302 -0.57735 0.57735 -0.57735
-96 177.5 -885 1.8913 1.8913 -0.57735 0.57735 0.57735
-176 177.5 -885 -0.8913 1.8913 0.57735 0.57735 0.57735
235 177.5 84 -1.2561 -0.349917 -0.57735 0.57735 -0.57735
155 177.5 -168 2.2561 0.765061 0.57735 0.57735 0.57735
155 177.5 84 -1.2561 0.765064 0.57735 0.57735 -0.57735
235 177.5 84 -1.2561 -0.349917 -0.57735 0.57735 -0.57735
235 177.5 -168 2.2561 -0.34992 -0.57735 0.57735 0.57735
155 177.5 -168 2.2561 0.765061 0.57735 0.57735 0.57735
-304 190 -55 1.8913 -0.891302 -0.57735 0.57735 -0.57735
-384 190 -135 -0.8913 1.8913 0.57735 0.57735 0.57735
-384 190 -55 -0.891303 -0.891299 0.57735 0.57735 -0.57735
-304 190 -55 1.8913 -0.891302 -0.57735 0.57735 -0.57735
-304 190 -135 1.8913 1.8913 -0.57735 0.57735 0.57735
-384 190 -135 -0.8913 1.8913 0.57735 0.57735 0.57735
-304 190 -805 1.8913 -0.891302 -0.57735 0.57735 -0.57735
-384 190 -885 -0.8913 1.8913 0.57735 0.57735 0.57735
-384 190 -805 -0.891303 -0.891299 0.57735 0.57735 -0.57735
-304 190 -805 1.8913 -0.891302 -0.57735 0.57735 -0.57735
-304 190 -885 1.8913 1.8913 -0.57735 0.57735 0.57735
-384 190 -885 -0.8913 1.8913 0.57735 0.57735 0.57735
-191 139.5 262 1.8913 -0.891302 -0.57735 0.57735 -0.57735
-271 139.5 182 -0.8913 1.8913 0.57735 0.57735 0.57735
-271 139.5 262 -0.891303 -0.891299 0.57735 0.57735 -0.57735
-191 139.5 262 1.8913 -0.891302 -0.57735 0.57735 -0.57735
-191 139.5 182 1.8913 1.8913 -0.57735 0.57735 0.57735
-271 139.5 182 -0.8913 1.8913 0.57735 0.57735 0.57735
-291 188.5 262 1.8913 -0.891302 -0.57735 0.57735 -0.57735
-371 188.5 182 -0.8913 1.8913 0.57735 0.57735 0.57735
-371 188.5 262 -0.891303 -0.891299 0.57735 0.57735 -0.57735
-291 188.5 262 1.8913 -0.891302 -0.57735 0.57735 -0.57735
-291 188.5 182 1.8913 1.8913 -0.57735 0.57735 0.57735
-371 188.5 182 -0.8913 1.8913 0.57735 0.57735 0.57735
-96 177.5 -55 1.8913 -0.891302 -0.57735 0.57735 -0.57735
-176 177.5 -135 -0.8913 1.8913 0.57735 0.57735 0.57735
-176 177.5 -55 -0.891303 -0.891299 0.57735 0.57735 -0.57735
-96 177.5 -55 1.8913 -0.891302 -0.57735 0.57735 -0.57735
-96 177.5 -135 1.8913 1.8913 -0.57735 0.57735 0.57735
-176 177.5 -135 -0.8913 1.8913 0.57735 0.57735 0.57735
-276 183.5 -1101 1.8913 -0.891302 0.57735 0.57735 0.57735
-196 183.5 -1021 -0.8913 1.8913 -0.57735 0.57735 -0.57735
-196 183.5 -1101 -0.891303 -0.891299 -0.57735 0.57735 0.57735
-276 183.5 -1101 1.8913 -0.891302 0.57735 0.57735 0.57735
-276 183.5 -1021 1.8913 1.8913 0.57735 0.57735 -0.57735
-196 183.5 -1021 -0.8913 1.8913 -0.57735 0.57735 -0.57735
-291 188.5 -498 1.8913 -0.891302 -0.57735 0.57735 -0.57735
-371 188.5 -578 -0.8913 1.8913 0.57735 0.57735 0.57735
-371 188.5 -498 -0.891303 -0.891299 0.57735 0.57735 -0.57735
-291 188.5 -498 1.8913 -0.891302 -0.57735 0.57735 -0.57735
-291 188.5 -578 1.8913 1.8913 -0.57735 0.57735 0.57735
-371 188.5 -578 -0.8913 1.8913 0.57735 0.57735 0.57735
-191 139.5 -498 1.8913 -0.891302 -0.57735 0.57735 -0.57735
-271 139.5 -578 -0.8913 1.8913 0.57735 0.57735 0.57735
-271 139.5 -498 -0.891303 -0.891299 0.57735 0.57735 -0.57735
-191 139.5 -498 1.8913 -0.891302 -0.57735 0.57735 -0.57735
-191 139.5 -578 1.8913 1.8913 -0.57735 0.57735 0.57735
-271 139.5 -578 -0.8913 1.8913 0.57735 0.57735 0.57735
-196 183.5 -598 1.8913 -0.891302 -0.57735 0.57735 -0.57735
-276 183.5 -678 -0.8913 1.8913 0.57735 0.57735 0.57735
-276 183.5 -598 -0.891303 -0.891299 0.57735 0.57735 -0.57735
-196 183.5 -598 1.8913 -0.891302 -0.57735 0.57735 -0.57735
-196 183.5 -678 1.8913 1.8913 -0.57735 0.57735 0.57735
-276 183.5 -678 -0.8913 1.8913 0.57735 0.57735 0.57735
-376 148.65 -678 1.8913 -0.891302 0.57735 0.57735 0.57735
-296 148.65 -598 -0.8913 1.8913 -0.57735 0.57735 -0.57735
-296 148.65 -678 -0.891303 -0.891299 -0.57735 0.57735 0.57735
-376 148.65 -678 1.8913 -0.891302 0.57735 0.57735 0.57735
-376 148.65 -598 1.8913 1.8913 0.57735 0.57735 -0.57735
-296 148.65 -598 -0.8913 1.8913 -0.57735 0.57735 -0.57735
235 177.5 -900 1.8913 -0.891302 -0.57735 0.57735 -0.57735
155 177.5 -980 -0.8913 1.8913 0.57735 0.57735 0.57735
155 177.5 -900 -0.891303 -0.891299 0.57735 0.57735 -0.57735
235 177.5 -900 1.8913 -0.891302 -0.57735 0.57735 -0.57735
235 177.5 -980 1.8913 1.8913 -0.57735 0.57735 0.57735
155 177.5 -980 -0.8913 1.8913 0.57735 0.57735 0.57735
340 177.5 -900 1.8913 -0.891302 -0.57735 0.57735 -0.57735
260 177.5 -980 -0.8913 1.8913 0.57735 0.57735 0.57735
260 177.5 -900 -0.891303 -0.891299 0.57735 0.57735 -0.57735
340 177.5 -900 1.8913 -0.891302 -0.57735 0.57735 -0.57735
340 177.5 -980 1.8913 1.8913 -0.57735 0.57735 0.57735
260 177.5 -980 -0.8913 1.8913 0.57735 0.57735 0.57735
