71.29 54.275 75.7 0.793457 0.840332
73.36 56.965 140.41 0.833008 1.64453
73.36 53.715 140.365 0.793457 1.64453
71.29 57.475 75.745 0.833008 0.841797
73.36 56.965 140.41 0.833008 1.64453
71.29 54.275 75.7 0.793457 0.840332
94.865 55.88 -122.96 0.833008 1.64453
97.39 58.44 -44.08 0.792969 0.660645
94.855 59.03 -123.305 0.793457 1.64453
97.39 55.24 -44.13 0.833008 0.664062
97.39 58.44 -44.08 0.792969 0.660645
94.865 55.88 -122.96 0.833008 1.64453
64.72 53.87 -129.48 0.833008 0.998047
64.95 59.025 -122.34 0.793457 0.887207
64.96 55.875 -122 0.833008 0.887207
64.67 56.575 -131 0.793457 0.998047
64.95 59.025 -122.34 0.793457 0.887207
64.72 53.87 -129.48 0.833008 0.998047
94.865 55.88 -122.96 0.833008 0.887207
94.855 59.03 -123.305 0.793457 0.887207
94.63 53.875 -130.44 0.833008 0.998047
94.63 53.875 -130.44 0.833008 0.998047
94.855 59.03 -123.305 0.793457 0.887207
94.58 56.58 -131.96 0.793457 0.998047
94.58 56.58 -131.96 0.793457 0.998047
94.365 49.87 -138.635 0.793457 1.11328
94.63 53.875 -130.44 0.833008 0.998047
94.63 53.875 -130.44 0.833008 0.998047
94.365 49.87 -138.635 0.793457 1.11328
94.45 48.26 -136.03 0.833008 1.11328
64.545 48.255 -135.065 0.833008 1.11328
64.67 56.575 -131 0.793457 0.998047
64.72 53.87 -129.48 0.833008 0.998047
64.46 49.865 -137.67 0.793457 1.11328
64.67 56.575 -131 0.793457 0.998047
64.545 48.255 -135.065 0.833008 1.11328
64.48 40.62 -137.17 0.833008 1.22852
64.46 49.865 -137.67 0.793457 1.11328
64.545 48.255 -135.065 0.833008 1.11328
64.385 40.64 -140.195 0.793457 1.22852
64.46 49.865 -137.67 0.793457 1.11328
64.48 40.62 -137.17 0.833008 1.22852
94.45 48.26 -136.03 0.833008 1.11328
94.29 40.645 -141.16 0.793457 1.22852
94.39 40.625 -138.135 0.833008 1.22852
94.365 49.87 -138.635 0.793457 1.11328
94.29 40.645 -141.16 0.793457 1.22852
94.45 48.26 -136.03 0.833008 1.11328
64.545 32.965 -135.29 0.833008 1.34473
64.385 40.64 -140.195 0.793457 1.22852
64.48 40.62 -137.17 0.833008 1.22852
64.46 31.435 -137.94 0.793457 1.34473
64.385 40.64 -140.195 0.793457 1.22852
64.545 32.965 -135.29 0.833008 1.34473
64.545 32.965 -135.29 0.833008 1.34473
64.66 24.755 -131.76 0.793457 1.45605
64.46 31.435 -137.94 0.793457 1.34473
64.72 27.34 -129.87 0.833008 1.45605
64.66 24.755 -131.76 0.793457 1.45605
64.545 32.965 -135.29 0.833008 1.34473
94.39 40.625 -138.135 0.833008 1.22852
94.365 31.44 -138.905 0.793457 1.34473
94.45 32.97 -136.255 0.833008 1.34473
94.29 40.645 -141.16 0.793457 1.22852
94.365 31.44 -138.905 0.793457 1.34473
94.39 40.625 -138.135 0.833008 1.22852
94.45 32.97 -136.255 0.833008 1.34473
94.57 24.76 -132.725 0.793457 1.45605
94.63 27.345 -130.835 0.833008 1.45605
94.365 31.44 -138.905 0.793457 1.34473
94.57 24.76 -132.725 0.793457 1.45605
94.45 32.97 -136.255 0.833008 1.34473
65.7 4.21 -93.875 0.793457 1.99023
64.72 27.34 -129.87 0.833008 1.45605
65.74 7.15 -92.565 0.833008 1.99023
64.66 24.755 -131.76 0.793457 1.45605
64.72 27.34 -129.87 0.833008 1.45605
65.7 4.21 -93.875 0.793457 1.99023
94.63 27.345 -130.835 0.833008 1.45605
95.605 4.215 -94.84 0.793457 1.99023
95.645 7.155 -93.53 0.833008 1.99023
94.57 24.76 -132.725 0.793457 1.45605
95.605 4.215 -94.84 0.793457 1.99023
94.63 27.345 -130.835 0.833008 1.45605
65.925 4.97 -86.75 0.833008 1.10059
65.7 4.21 -93.875 0.793457 1.01367
65.74 7.15 -92.565 0.833008 1.01367
65.91 1.825 -87.335 0.793457 1.10059
65.7 4.21 -93.875 0.793457 1.01367
65.925 4.97 -86.75 0.833008 1.10059
65.925 4.97 -86.75 0.833008 1.10059
67.3 1.585 -43.945 0.793457 1.63867
65.91 1.825 -87.335 0.793457 1.10059
67.3 4.73 -43.9 0.833008 1.63574
67.3 1.585 -43.945 0.793457 1.63867
65.925 4.97 -86.75 0.833008 1.10059
72.615 5.955 122.185 0.833008 1.64746
72.665 3.2 123.65 0.791992 1.64746
72.43 3.84 116.26 0.833008 1.55664
72.43 3.84 116.26 0.833008 1.55664
72.665 3.2 123.65 0.791992 1.64746
72.445 0.69 116.75 0.791992 1.55664
72.445 0.69 116.75 0.791992 1.55664
71.105 0.925 74.92 0.79248 1.03711
72.43 3.84 116.26 0.833008 1.55664
72.43 3.84 116.26 0.833008 1.55664
71.105 0.925 74.92 0.79248 1.03711
71.105 4.07 74.965 0.833008 1.04102
71.105 0.925 74.92 0.79248 1.03711
69.835 1.145 35.235 0.79248 0.544434
71.105 4.07 74.965 0.833008 1.04102
71.105 4.07 74.965 0.833008 1.04102
69.835 1.145 35.235 0.79248 0.544434
69.835 4.29 35.28 0.833008 0.545898
69.835 1.145 35.235 0.79248 0.544434
68.565 1.365 -4.355 0.792969 0.052582
69.835 4.29 35.28 0.833008 0.545898
69.835 4.29 35.28 0.833008 0.545898
68.565 1.365 -4.355 0.792969 0.052582
68.565 4.51 -4.31 0.833008 0.05127
68.565 1.365 -4.355 0.792969 0.052582
67.3 1.585 -43.945 0.793457 -0.439209
68.565 4.51 -4.31 0.833008 0.05127
68.565 4.51 -4.31 0.833008 0.05127
67.3 1.585 -43.945 0.793457 -0.439209
67.3 4.73 -43.9 0.833008 -0.443115
102.57 3.205 122.69 0.791992 0.670898
103.755 34.055 154.255 0.791992 1.20996
102.525 5.965 121.22 0.833008 0.670898
102.525 5.965 121.22 0.833008 0.670898
103.755 34.055 154.255 0.791992 1.20996
103.67 35.82 151.75 0.833008 1.20996
103.67 35.82 151.75 0.833008 1.20996
103.755 34.055 154.255 0.791992 1.20996
103.745 42.65 154.04 0.833008 1.31934
103.745 42.65 154.04 0.833008 1.31934
103.755 34.055 154.255 0.791992 1.20996
103.835 42.635 157.01 0.791992 1.31934
73.77 49.45 152.965 0.833008 1.42871
73.93 42.63 157.975 0.791992 1.31934
73.835 42.645 155.005 0.833008 1.31934
73.845 51.235 155.425 0.791992 1.42871
73.93 42.63 157.975 0.791992 1.31934
73.77 49.45 152.965 0.833008 1.42871
103.745 42.65 154.04 0.833008 1.31934
103.835 42.635 157.01 0.791992 1.31934
103.675 49.455 152 0.833008 1.42871
103.675 49.455 152 0.833008 1.42871
103.835 42.635 157.01 0.791992 1.31934
103.75 51.24 154.46 0.791992 1.42871
103.75 51.24 154.46 0.791992 1.42871
103.525 56.625 147.33 0.791992 1.53906
103.675 49.455 152 0.833008 1.42871
103.675 49.455 152 0.833008 1.42871
103.525 56.625 147.33 0.791992 1.53906
103.49 53.685 146.365 0.833008 1.53906
73.585 53.68 147.33 0.833008 1.53906
73.845 51.235 155.425 0.791992 1.42871
73.77 49.45 152.965 0.833008 1.42871
73.615 56.62 148.295 0.791992 1.53906
73.845 51.235 155.425 0.791992 1.42871
73.585 53.68 147.33 0.833008 1.53906
73.585 53.68 147.33 0.833008 1.53906
73.36 56.965 140.41 0.791992 1.63672
73.615 56.62 148.295 0.791992 1.53906
73.36 53.715 140.365 0.833008 1.63672
73.36 56.965 140.41 0.791992 1.63672
73.585 53.68 147.33 0.833008 1.53906
103.49 53.685 146.365 0.833008 1.53906
103.27 56.97 139.445 0.791992 1.63672
103.27 53.725 139.4 0.833008 1.63672
103.525 56.625 147.33 0.791992 1.53906
103.27 56.97 139.445 0.791992 1.63672
103.49 53.685 146.365 0.833008 1.53906
64.95 59.025 -122.34 0.379395 1.64453
97.39 58.44 -44.08 0.007 0.660645
67.485 58.435 -43.115 0.379395 0.660645
94.855 59.03 -123.305 0.007 1.64453
97.39 58.44 -44.08 0.007 0.660645
64.95 59.025 -122.34 0.379395 1.64453
94.865 55.88 -122.96 0.771973 1.64453
67.485 55.235 -43.165 0.407471 0.664062
97.39 55.24 -44.13 0.771973 0.664062
64.96 55.875 -122 0.407471 1.64453
67.485 55.235 -43.165 0.407471 0.664062
94.865 55.88 -122.96 0.771973 1.64453
64.67 56.575 -131 0.379395 0.998047
94.855 59.03 -123.305 0.007 0.887207
64.95 59.025 -122.34 0.379395 0.887207
94.58 56.58 -131.96 0.007 0.998047
94.855 59.03 -123.305 0.007 0.887207
64.67 56.575 -131 0.379395 0.998047
64.46 49.865 -137.67 0.379395 1.11328
94.58 56.58 -131.96 0.007 0.998047
64.67 56.575 -131 0.379395 0.998047
94.365 49.87 -138.635 0.007 1.11328
94.58 56.58 -131.96 0.007 0.998047
64.46 49.865 -137.67 0.379395 1.11328
64.385 40.64 -140.195 0.379395 1.22852
94.365 49.87 -138.635 0.007 1.11328
64.46 49.865 -137.67 0.379395 1.11328
94.29 40.645 -141.16 0.007 1.22852
94.365 49.87 -138.635 0.007 1.11328
64.385 40.64 -140.195 0.379395 1.22852
64.46 31.435 -137.94 0.379395 1.34473
94.29 40.645 -141.16 0.007 1.22852
64.385 40.64 -140.195 0.379395 1.22852
94.365 31.44 -138.905 0.007 1.34473
94.29 40.645 -141.16 0.007 1.22852
64.46 31.435 -137.94 0.379395 1.34473
64.66 24.755 -131.76 0.379395 1.45605
94.365 31.44 -138.905 0.007 1.34473
64.46 31.435 -137.94 0.379395 1.34473
94.57 24.76 -132.725 0.007 1.45605
94.365 31.44 -138.905 0.007 1.34473
64.66 24.755 -131.76 0.379395 1.45605
64.66 24.755 -131.76 0.379395 1.45605
65.7 4.21 -93.875 0.379395 1.99023
94.57 24.76 -132.725 0.007 1.45605
94.57 24.76 -132.725 0.007 1.45605
65.7 4.21 -93.875 0.379395 1.99023
95.605 4.215 -94.84 0.007 1.99023
65.91 1.825 -87.335 0.379395 1.10059
95.605 4.215 -94.84 0.007 1.01367
65.7 4.21 -93.875 0.379395 1.01367
95.815 1.83 -88.3 0.007 1.10059
95.605 4.215 -94.84 0.007 1.01367
65.91 1.825 -87.335 0.379395 1.10059
67.3 1.585 -43.945 0.379395 1.63867
95.815 1.83 -88.3 0.007 1.10059
65.91 1.825 -87.335 0.379395 1.10059
97.205 1.59 -44.91 0.007 1.63867
95.815 1.83 -88.3 0.007 1.10059
67.3 1.585 -43.945 0.379395 1.63867
101.195 54.28 74.735 0.771973 0.162109
73.36 53.715 140.365 0.407471 -0.641602
103.27 53.725 139.4 0.771973 -0.641602
71.29 54.275 75.7 0.407471 0.162109
73.36 53.715 140.365 0.407471 -0.641602
101.195 54.28 74.735 0.771973 0.162109
99.925 54.605 35.05 0.771973 0.655273
71.29 54.275 75.7 0.407471 0.162109
101.195 54.28 74.735 0.771973 0.162109
70.02 54.595 36.015 0.407471 0.655273
71.29 54.275 75.7 0.407471 0.162109
99.925 54.605 35.05 0.771973 0.655273
98.66 54.92 -4.54 0.771973 1.14844
70.02 54.595 36.015 0.407471 0.655273
99.925 54.605 35.05 0.771973 0.655273
68.755 54.915 -3.575 0.407471 1.14844
70.02 54.595 36.015 0.407471 0.655273
98.66 54.92 -4.54 0.771973 1.14844
97.39 55.24 -44.13 0.771973 1.64063
68.755 54.915 -3.575 0.407471 1.14844
98.66 54.92 -4.54 0.771973 1.14844
67.485 55.235 -43.165 0.407471 1.64063
68.755 54.915 -3.575 0.407471 1.14844
97.39 55.24 -44.13 0.771973 1.64063
70.02 54.595 36.015 0.792969 1.32324
71.29 57.475 75.745 0.833008 1.81836
71.29 54.275 75.7 0.793457 1.81738
70.02 57.795 36.06 0.833008 1.3252
71.29 57.475 75.745 0.833008 1.81836
70.02 54.595 36.015 0.792969 1.32324
68.755 54.915 -3.575 0.792969 0.831055
70.02 57.795 36.06 0.833008 1.3252
70.02 54.595 36.015 0.792969 1.32324
68.755 58.115 -3.53 0.833008 0.833984
70.02 57.795 36.06 0.833008 1.3252
68.755 54.915 -3.575 0.792969 0.831055
67.485 55.235 -43.165 0.79248 0.338379
68.755 58.115 -3.53 0.833008 0.833984
68.755 54.915 -3.575 0.792969 0.831055
67.485 58.435 -43.115 0.833008 0.341797
68.755 58.115 -3.53 0.833008 0.833984
67.485 55.235 -43.165 0.79248 0.338379
64.96 55.875 -122 0.791992 -0.641602
67.485 58.435 -43.115 0.833008 0.341797
67.485 55.235 -43.165 0.79248 0.338379
64.95 59.025 -122.34 0.833008 -0.641602
67.485 58.435 -43.115 0.833008 0.341797
64.96 55.875 -122 0.791992 -0.641602
68.565 1.365 -4.355 0.379395 0.052582
97.205 1.59 -44.91 0.007 -0.439209
67.3 1.585 -43.945 0.379395 -0.439209
98.475 1.37 -5.32 0.007 0.052582
97.205 1.59 -44.91 0.007 -0.439209
68.565 1.365 -4.355 0.379395 0.052582
69.835 1.145 35.235 0.379395 0.544434
98.475 1.37 -5.32 0.007 0.052582
68.565 1.365 -4.355 0.379395 0.052582
99.74 1.15 34.27 0.007 0.544434
98.475 1.37 -5.32 0.007 0.052582
69.835 1.145 35.235 0.379395 0.544434
71.105 0.925 74.92 0.379395 1.03711
99.74 1.15 34.27 0.007 0.544434
69.835 1.145 35.235 0.379395 0.544434
101.01 0.93 73.955 0.007 1.03711
99.74 1.15 34.27 0.007 0.544434
71.105 0.925 74.92 0.379395 1.03711
72.445 0.69 116.75 0.379395 1.55664
101.01 0.93 73.955 0.007 1.03711
71.105 0.925 74.92 0.379395 1.03711
102.35 0.695 115.785 0.007 1.55664
101.01 0.93 73.955 0.007 1.03711
72.445 0.69 116.75 0.379395 1.55664
72.665 3.2 123.65 0.379395 1.64746
102.35 0.695 115.785 0.007 1.55664
72.445 0.69 116.75 0.379395 1.55664
102.57 3.205 122.69 0.007 1.64746
102.35 0.695 115.785 0.007 1.55664
72.665 3.2 123.65 0.379395 1.64746
98.475 4.515 -5.275 0.771973 0.05127
67.3 4.73 -43.9 0.407471 -0.443115
97.205 4.735 -44.865 0.771973 -0.443115
68.565 4.51 -4.31 0.407471 0.05127
67.3 4.73 -43.9 0.407471 -0.443115
98.475 4.515 -5.275 0.771973 0.05127
99.74 4.295 34.315 0.771973 0.545898
68.565 4.51 -4.31 0.407471 0.05127
98.475 4.515 -5.275 0.771973 0.05127
69.835 4.29 35.28 0.407471 0.545898
68.565 4.51 -4.31 0.407471 0.05127
99.74 4.295 34.315 0.771973 0.545898
101.01 4.075 74.005 0.771973 1.04102
69.835 4.29 35.28 0.407471 0.545898
99.74 4.295 34.315 0.771973 0.545898
71.105 4.07 74.965 0.407471 1.04102
69.835 4.29 35.28 0.407471 0.545898
101.01 4.075 74.005 0.771973 1.04102
102.335 3.845 115.295 0.771973 1.55664
71.105 4.07 74.965 0.407471 1.04102
101.01 4.075 74.005 0.771973 1.04102
72.43 3.84 116.26 0.407471 1.55664
71.105 4.07 74.965 0.407471 1.04102
102.335 3.845 115.295 0.771973 1.55664
102.335 3.845 115.295 0.771973 1.55664
72.615 5.955 122.185 0.407471 1.64746
72.43 3.84 116.26 0.407471 1.55664
102.525 5.965 121.22 0.771973 1.64746
72.615 5.955 122.185 0.407471 1.64746
102.335 3.845 115.295 0.771973 1.55664
98.66 54.92 -4.54 0.833008 1.14844
97.39 58.44 -44.08 0.792969 1.6377
97.39 55.24 -44.13 0.833008 1.64063
98.66 58.12 -4.49 0.792969 1.14551
97.39 58.44 -44.08 0.792969 1.6377
98.66 54.92 -4.54 0.833008 1.14844
99.925 54.605 35.05 0.833008 0.655273
98.66 58.12 -4.49 0.792969 1.14551
98.66 54.92 -4.54 0.833008 1.14844
99.925 57.8 35.095 0.79248 0.65332
98.66 58.12 -4.49 0.792969 1.14551
99.925 54.605 35.05 0.833008 0.655273
101.195 54.28 74.735 0.833008 0.161987
99.925 57.8 35.095 0.79248 0.65332
99.925 54.605 35.05 0.833008 0.655273
101.195 57.48 74.78 0.79248 0.160889
99.925 57.8 35.095 0.79248 0.65332
101.195 54.28 74.735 0.833008 0.161987
103.27 53.725 139.4 0.833008 -0.64209
101.195 57.48 74.78 0.79248 0.160889
101.195 54.28 74.735 0.833008 0.161987
103.27 56.97 139.445 0.791992 -0.641602
101.195 57.48 74.78 0.79248 0.160889
103.27 53.725 139.4 0.833008 -0.64209
103.27 56.97 139.445 0.007 1.63672
103.525 56.625 147.33 0.007 1.53906
73.36 56.965 140.41 0.379395 1.63672
73.36 56.965 140.41 0.379395 1.63672
103.525 56.625 147.33 0.007 1.53906
73.615 56.62 148.295 0.379395 1.53906
103.525 56.625 147.33 0.007 1.53906
103.75 51.24 154.46 0.007 1.42871
73.615 56.62 148.295 0.379395 1.53906
73.615 56.62 148.295 0.379395 1.53906
103.75 51.24 154.46 0.007 1.42871
73.845 51.235 155.425 0.379395 1.42871
103.75 51.24 154.46 0.007 1.42871
103.835 42.635 157.01 0.007 1.31934
73.845 51.235 155.425 0.379395 1.42871
73.845 51.235 155.425 0.379395 1.42871
103.835 42.635 157.01 0.007 1.31934
73.93 42.63 157.975 0.379395 1.31934
103.835 42.635 157.01 0.007 1.31934
103.755 34.055 154.255 0.007 1.20996
73.93 42.63 157.975 0.379395 1.31934
73.93 42.63 157.975 0.379395 1.31934
103.755 34.055 154.255 0.007 1.20996
73.845 34.05 155.22 0.379395 1.20996
73.845 34.05 155.22 0.379395 1.20996
103.755 34.055 154.255 0.007 1.20996
72.665 3.2 123.65 0.379395 0.670898
72.665 3.2 123.65 0.379395 0.670898
103.755 34.055 154.255 0.007 1.20996
102.57 3.205 122.69 0.007 0.670898
94.865 55.88 -122.96 0.771973 0.887207
64.72 53.87 -129.48 0.407471 0.998047
64.96 55.875 -122 0.407471 0.887207
94.63 53.875 -130.44 0.771973 0.998047
64.72 53.87 -129.48 0.407471 0.998047
94.865 55.88 -122.96 0.771973 0.887207
94.63 53.875 -130.44 0.771973 0.998047
64.545 48.255 -135.065 0.407471 1.11328
64.72 53.87 -129.48 0.407471 0.998047
94.45 48.26 -136.03 0.771973 1.11328
64.545 48.255 -135.065 0.407471 1.11328
94.63 53.875 -130.44 0.771973 0.998047
94.45 48.26 -136.03 0.771973 1.11328
64.48 40.62 -137.17 0.407471 1.22852
64.545 48.255 -135.065 0.407471 1.11328
94.39 40.625 -138.135 0.771973 1.22852
64.48 40.62 -137.17 0.407471 1.22852
94.45 48.26 -136.03 0.771973 1.11328
94.39 40.625 -138.135 0.771973 1.22852
64.545 32.965 -135.29 0.407471 1.34473
64.48 40.62 -137.17 0.407471 1.22852
94.45 32.97 -136.255 0.771973 1.34473
64.545 32.965 -135.29 0.407471 1.34473
94.39 40.625 -138.135 0.771973 1.22852
94.45 32.97 -136.255 0.771973 1.34473
64.72 27.34 -129.87 0.407471 1.45605
64.545 32.965 -135.29 0.407471 1.34473
94.63 27.345 -130.835 0.771973 1.45605
64.72 27.34 -129.87 0.407471 1.45605
94.45 32.97 -136.255 0.771973 1.34473
94.63 27.345 -130.835 0.771973 1.45605
95.645 7.155 -93.53 0.771973 1.99023
64.72 27.34 -129.87 0.407471 1.45605
64.72 27.34 -129.87 0.407471 1.45605
95.645 7.155 -93.53 0.771973 1.99023
65.74 7.15 -92.565 0.407471 1.99023
95.645 7.155 -93.53 0.771973 1.01367
65.925 4.97 -86.75 0.407471 1.10059
65.74 7.15 -92.565 0.407471 1.01367
95.835 4.975 -87.715 0.771973 1.10059
65.925 4.97 -86.75 0.407471 1.10059
95.645 7.155 -93.53 0.771973 1.01367
95.835 4.975 -87.715 0.771973 1.10059
67.3 4.73 -43.9 0.407471 1.63574
65.925 4.97 -86.75 0.407471 1.10059
97.205 4.735 -44.865 0.771973 1.63574
67.3 4.73 -43.9 0.407471 1.63574
95.835 4.975 -87.715 0.771973 1.10059
103.27 53.725 139.4 0.771973 1.63672
73.36 53.715 140.365 0.407471 1.63672
103.49 53.685 146.365 0.771973 1.53906
103.49 53.685 146.365 0.771973 1.53906
73.36 53.715 140.365 0.407471 1.63672
73.585 53.68 147.33 0.407471 1.53906
103.49 53.685 146.365 0.771973 1.53906
73.585 53.68 147.33 0.407471 1.53906
103.675 49.455 152 0.771973 1.42871
103.675 49.455 152 0.771973 1.42871
73.585 53.68 147.33 0.407471 1.53906
73.77 49.45 152.965 0.407471 1.42871
103.675 49.455 152 0.771973 1.42871
73.77 49.45 152.965 0.407471 1.42871
103.745 42.65 154.04 0.771973 1.31934
103.745 42.65 154.04 0.771973 1.31934
73.77 49.45 152.965 0.407471 1.42871
73.835 42.645 155.005 0.407471 1.31934
103.745 42.65 154.04 0.771973 1.31934
73.835 42.645 155.005 0.407471 1.31934
103.67 35.82 151.75 0.771973 1.20996
103.67 35.82 151.75 0.771973 1.20996
73.835 42.645 155.005 0.407471 1.31934
73.765 35.815 152.715 0.407471 1.20996
72.615 5.955 122.185 0.407471 0.670898
103.67 35.82 151.75 0.771973 1.20996
73.765 35.815 152.715 0.407471 1.20996
102.525 5.965 121.22 0.771973 0.670898
103.67 35.82 151.75 0.771973 1.20996
72.615 5.955 122.185 0.407471 0.670898
97.39 58.44 -44.08 0.007 1.6377
98.66 58.12 -4.49 0.007 1.14551
67.485 58.435 -43.115 0.379395 1.6377
67.485 58.435 -43.115 0.379395 1.6377
98.66 58.12 -4.49 0.007 1.14551
68.755 58.115 -3.53 0.379395 1.14551
98.66 58.12 -4.49 0.007 1.14551
99.925 57.8 35.095 0.007 0.65332
68.755 58.115 -3.53 0.379395 1.14551
68.755 58.115 -3.53 0.379395 1.14551
99.925 57.8 35.095 0.007 0.65332
70.02 57.795 36.06 0.379395 0.65332
99.925 57.8 35.095 0.007 0.65332
101.195 57.48 74.78 0.007 0.160889
70.02 57.795 36.06 0.379395 0.65332
70.02 57.795 36.06 0.379395 0.65332
101.195 57.48 74.78 0.007 0.160889
71.29 57.475 75.745 0.379395 0.160889
71.29 57.475 75.745 0.379395 0.160889
101.195 57.48 74.78 0.007 0.160889
73.36 56.965 140.41 0.379395 -0.641602
73.36 56.965 140.41 0.379395 -0.641602
101.195 57.48 74.78 0.007 0.160889
103.27 56.97 139.445 0.007 -0.641602
97.205 1.59 -44.91 0.793457 -0.439209
98.475 1.37 -5.32 0.792969 0.052582
97.205 4.735 -44.865 0.833008 -0.443115
97.205 4.735 -44.865 0.833008 -0.443115
98.475 1.37 -5.32 0.792969 0.052582
98.475 4.515 -5.275 0.833008 0.05127
98.475 1.37 -5.32 0.792969 0.052582
99.74 1.15 34.27 0.79248 0.544434
98.475 4.515 -5.275 0.833008 0.05127
98.475 4.515 -5.275 0.833008 0.05127
99.74 1.15 34.27 0.79248 0.544434
99.74 4.295 34.315 0.833008 0.545898
99.74 1.15 34.27 0.79248 0.544434
101.01 0.93 73.955 0.79248 1.03711
99.74 4.295 34.315 0.833008 0.545898
99.74 4.295 34.315 0.833008 0.545898
101.01 0.93 73.955 0.79248 1.03711
101.01 4.075 74.005 0.833008 1.04102
101.01 4.075 74.005 0.833008 1.04102
101.01 0.93 73.955 0.79248 1.03711
102.335 3.845 115.295 0.833008 1.55664
102.335 3.845 115.295 0.833008 1.55664
101.01 0.93 73.955 0.79248 1.03711
102.35 0.695 115.785 0.791992 1.55664
102.35 0.695 115.785 0.791992 1.55664
102.57 3.205 122.69 0.791992 1.64746
102.335 3.845 115.295 0.833008 1.55664
102.335 3.845 115.295 0.833008 1.55664
102.57 3.205 122.69 0.791992 1.64746
102.525 5.965 121.22 0.833008 1.64746
95.645 7.155 -93.53 0.833008 1.01367
95.605 4.215 -94.84 0.793457 1.01367
95.835 4.975 -87.715 0.833008 1.10059
95.835 4.975 -87.715 0.833008 1.10059
95.605 4.215 -94.84 0.793457 1.01367
95.815 1.83 -88.3 0.793457 1.10059
95.815 1.83 -88.3 0.793457 1.10059
97.205 1.59 -44.91 0.793457 1.63867
95.835 4.975 -87.715 0.833008 1.10059
95.835 4.975 -87.715 0.833008 1.10059
97.205 1.59 -44.91 0.793457 1.63867
97.205 4.735 -44.865 0.833008 1.63574
72.665 3.2 123.65 0.791992 0.670898
72.615 5.955 122.185 0.833008 0.670898
73.845 34.05 155.22 0.791992 1.20996
73.845 34.05 155.22 0.791992 1.20996
72.615 5.955 122.185 0.833008 0.670898
73.765 35.815 152.715 0.833008 1.20996
73.835 42.645 155.005 0.833008 1.31934
73.845 34.05 155.22 0.791992 1.20996
73.765 35.815 152.715 0.833008 1.20996
73.93 42.63 157.975 0.791992 1.31934
73.845 34.05 155.22 0.791992 1.20996
73.835 42.645 155.005 0.833008 1.31934
