-75.81 54.25 80.435 0.793457 0.840332
-73.74 56.94 145.15 0.833008 1.64453
-73.74 53.69 145.1 0.793457 1.64453
-75.81 57.45 80.485 0.833008 0.841797
-73.74 56.94 145.15 0.833008 1.64453
-75.81 54.25 80.435 0.793457 0.840332
-52.235 55.855 -118.225 0.833008 1.64453
-49.71 58.415 -39.34 0.792969 0.660645
-52.25 59.005 -118.565 0.793457 1.64453
-49.71 55.215 -39.39 0.833008 0.664062
-49.71 58.415 -39.34 0.792969 0.660645
-52.235 55.855 -118.225 0.833008 1.64453
-82.38 53.84 -124.74 0.833008 0.998047
-82.155 58.995 -117.605 0.793457 0.887207
-82.14 55.85 -117.26 0.833008 0.887207
-82.43 56.55 -126.26 0.793457 0.998047
-82.155 58.995 -117.605 0.793457 0.887207
-82.38 53.84 -124.74 0.833008 0.998047
-52.235 55.855 -118.225 0.833008 0.887207
-52.25 59.005 -118.565 0.793457 0.887207
-52.475 53.845 -125.705 0.833008 0.998047
-52.475 53.845 -125.705 0.833008 0.998047
-52.25 59.005 -118.565 0.793457 0.887207
-52.525 56.555 -127.22 0.793457 0.998047
-52.525 56.555 -127.22 0.793457 0.998047
-52.735 49.845 -133.895 0.793457 1.11328
-52.475 53.845 -125.705 0.833008 0.998047
-52.475 53.845 -125.705 0.833008 0.998047
-52.735 49.845 -133.895 0.793457 1.11328
-52.65 48.23 -131.29 0.833008 1.11328
-82.555 48.225 -130.325 0.833008 1.11328
-82.43 56.55 -126.26 0.793457 0.998047
-82.38 53.84 -124.74 0.833008 0.998047
-82.64 49.84 -132.93 0.793457 1.11328
-82.43 56.55 -126.26 0.793457 0.998047
-82.555 48.225 -130.325 0.833008 1.11328
-82.62 40.595 -132.435 0.833008 1.22852
-82.64 49.84 -132.93 0.793457 1.11328
-82.555 48.225 -130.325 0.833008 1.11328
-82.715 40.61 -135.455 0.793457 1.22852
-82.64 49.84 -132.93 0.793457 1.11328
-82.62 40.595 -132.435 0.833008 1.22852
-52.65 48.23 -131.29 0.833008 1.11328
-52.81 40.615 -136.42 0.793457 1.22852
-52.715 40.6 -133.395 0.833008 1.22852
-52.735 49.845 -133.895 0.793457 1.11328
-52.81 40.615 -136.42 0.793457 1.22852
-52.65 48.23 -131.29 0.833008 1.11328
-82.555 32.94 -130.55 0.833008 1.34473
-82.715 40.61 -135.455 0.793457 1.22852
-82.62 40.595 -132.435 0.833008 1.22852
-82.64 31.405 -133.205 0.793457 1.34473
-82.715 40.61 -135.455 0.793457 1.22852
-82.555 32.94 -130.55 0.833008 1.34473
-82.555 32.94 -130.55 0.833008 1.34473
-82.44 24.73 -127.02 0.793457 1.45605
-82.64 31.405 -133.205 0.793457 1.34473
-82.38 27.315 -125.13 0.833008 1.45605
-82.44 24.73 -127.02 0.793457 1.45605
-82.555 32.94 -130.55 0.833008 1.34473
-52.715 40.6 -133.395 0.833008 1.22852
-52.735 31.41 -134.165 0.793457 1.34473
-52.65 32.945 -131.515 0.833008 1.34473
-52.81 40.615 -136.42 0.793457 1.22852
-52.735 31.41 -134.165 0.793457 1.34473
-52.715 40.6 -133.395 0.833008 1.22852
-52.65 32.945 -131.515 0.833008 1.34473
-52.535 24.735 -127.985 0.793457 1.45605
-52.475 27.32 -126.095 0.833008 1.45605
-52.735 31.41 -134.165 0.793457 1.34473
-52.535 24.735 -127.985 0.793457 1.45605
-52.65 32.945 -131.515 0.833008 1.34473
-81.03 4.185 -89.15 0.793457 1.99023
-82.38 27.315 -125.13 0.833008 1.45605
-80.99 7.125 -87.84 0.833008 1.99023
-82.44 24.73 -127.02 0.793457 1.45605
-82.38 27.315 -125.13 0.833008 1.45605
-81.03 4.185 -89.15 0.793457 1.99023
-52.475 27.32 -126.095 0.833008 1.45605
-51.125 4.19 -90.11 0.793457 1.99023
-51.085 7.13 -88.8 0.833008 1.99023
-52.535 24.735 -127.985 0.793457 1.45605
-51.125 4.19 -90.11 0.793457 1.99023
-52.475 27.32 -126.095 0.833008 1.45605
-80.8 4.945 -82.025 0.833008 1.10059
-81.03 4.185 -89.15 0.793457 1.01367
-80.99 7.125 -87.84 0.833008 1.01367
-80.82 1.8 -82.605 0.793457 1.10059
-81.03 4.185 -89.15 0.793457 1.01367
-80.8 4.945 -82.025 0.833008 1.10059
-80.8 4.945 -82.025 0.833008 1.10059
-79.43 1.56 -39.22 0.793457 1.63867
-80.82 1.8 -82.605 0.793457 1.10059
-79.43 4.705 -39.175 0.833008 1.63574
-79.43 1.56 -39.22 0.793457 1.63867
-80.8 4.945 -82.025 0.833008 1.10059
-51.085 7.13 -88.8 0.833008 1.01367
-51.125 4.19 -90.11 0.793457 1.01367
-50.895 4.95 -82.985 0.833008 1.10059
-50.895 4.95 -82.985 0.833008 1.10059
-51.125 4.19 -90.11 0.793457 1.01367
-50.915 1.805 -83.57 0.793457 1.10059
-50.915 1.805 -83.57 0.793457 1.10059
-49.525 1.565 -40.185 0.793457 1.63867
-50.895 4.95 -82.985 0.833008 1.10059
-50.895 4.95 -82.985 0.833008 1.10059
-49.525 1.565 -40.185 0.793457 1.63867
-49.525 4.71 -40.14 0.833008 1.63574
-74.115 5.93 126.91 0.833008 1.64746
-74.065 3.175 128.38 0.791992 1.64746
-74.3 3.815 120.985 0.833008 1.55664
-74.3 3.815 120.985 0.833008 1.55664
-74.065 3.175 128.38 0.791992 1.64746
-74.285 0.665 121.475 0.791992 1.55664
-74.285 0.665 121.475 0.791992 1.55664
-75.625 0.9 79.645 0.79248 1.03711
-74.3 3.815 120.985 0.833008 1.55664
-74.3 3.815 120.985 0.833008 1.55664
-75.625 0.9 79.645 0.79248 1.03711
-75.625 4.045 79.695 0.833008 1.04102
-75.625 0.9 79.645 0.79248 1.03711
-76.895 1.12 39.96 0.79248 0.544434
-75.625 4.045 79.695 0.833008 1.04102
-75.625 4.045 79.695 0.833008 1.04102
-76.895 1.12 39.96 0.79248 0.544434
-76.895 4.265 40.005 0.833008 0.545898
-76.895 1.12 39.96 0.79248 0.544434
-78.165 1.34 0.37 0.792969 0.052582
-76.895 4.265 40.005 0.833008 0.545898
-76.895 4.265 40.005 0.833008 0.545898
-78.165 1.34 0.37 0.792969 0.052582
-78.165 4.485 0.415 0.833008 0.05127
-78.165 1.34 0.37 0.792969 0.052582
-79.43 1.56 -39.22 0.793457 -0.439209
-78.165 4.485 0.415 0.833008 0.05127
-78.165 4.485 0.415 0.833008 0.05127
-79.43 1.56 -39.22 0.793457 -0.439209
-79.43 4.705 -39.175 0.833008 -0.443115
-44.395 3.82 120.025 0.833008 1.55664
-44.16 3.18 127.415 0.791992 1.64746
-44.205 5.935 125.945 0.833008 1.64746
-44.38 0.67 120.51 0.791992 1.55664
-44.16 3.18 127.415 0.791992 1.64746
-44.395 3.82 120.025 0.833008 1.55664
-44.395 3.82 120.025 0.833008 1.55664
-45.72 0.905 78.68 0.79248 1.03711
-44.38 0.67 120.51 0.791992 1.55664
-45.72 4.05 78.73 0.833008 1.04102
-45.72 0.905 78.68 0.79248 1.03711
-44.395 3.82 120.025 0.833008 1.55664
-46.99 4.27 39.045 0.833008 0.545898
-45.72 0.905 78.68 0.79248 1.03711
-45.72 4.05 78.73 0.833008 1.04102
-46.99 1.125 38.995 0.79248 0.544434
-45.72 0.905 78.68 0.79248 1.03711
-46.99 4.27 39.045 0.833008 0.545898
-48.26 4.49 -0.545 0.833008 0.05127
-46.99 1.125 38.995 0.79248 0.544434
-46.99 4.27 39.045 0.833008 0.545898
-48.26 1.345 -0.595 0.792969 0.052582
-46.99 1.125 38.995 0.79248 0.544434
-48.26 4.49 -0.545 0.833008 0.05127
-49.525 4.71 -40.14 0.833008 -0.443115
-48.26 1.345 -0.595 0.792969 0.052582
-48.26 4.49 -0.545 0.833008 0.05127
-49.525 1.565 -40.185 0.793457 -0.439209
-48.26 1.345 -0.595 0.792969 0.052582
-49.525 4.71 -40.14 0.833008 -0.443115
-44.16 3.18 127.415 0.791992 0.670898
-43.35 34.03 158.995 0.791992 1.20996
-44.205 5.935 125.945 0.833008 0.670898
-44.205 5.935 125.945 0.833008 0.670898
-43.35 34.03 158.995 0.791992 1.20996
-43.43 35.79 156.49 0.833008 1.20996
-43.43 35.79 156.49 0.833008 1.20996
-43.35 34.03 158.995 0.791992 1.20996
-43.36 42.625 158.78 0.833008 1.31934
-43.36 42.625 158.78 0.833008 1.31934
-43.35 34.03 158.995 0.791992 1.20996
-43.265 42.61 161.75 0.791992 1.31934
-73.335 49.425 157.7 0.833008 1.42871
-73.17 42.6 162.715 0.791992 1.31934
-73.265 42.62 159.745 0.833008 1.31934
-73.255 51.21 160.165 0.791992 1.42871
-73.17 42.6 162.715 0.791992 1.31934
-73.335 49.425 157.7 0.833008 1.42871
-43.36 42.625 158.78 0.833008 1.31934
-43.265 42.61 161.75 0.791992 1.31934
-43.43 49.43 156.74 0.833008 1.42871
-43.43 49.43 156.74 0.833008 1.42871
-43.265 42.61 161.75 0.791992 1.31934
-43.35 51.215 159.2 0.791992 1.42871
-43.35 51.215 159.2 0.791992 1.42871
-43.58 56.6 152.07 0.791992 1.53906
-43.43 49.43 156.74 0.833008 1.42871
-43.43 49.43 156.74 0.833008 1.42871
-43.58 56.6 152.07 0.791992 1.53906
-43.61 53.66 151.105 0.833008 1.53906
-73.515 53.655 152.065 0.833008 1.53906
-73.255 51.21 160.165 0.791992 1.42871
-73.335 49.425 157.7 0.833008 1.42871
-73.485 56.595 153.035 0.791992 1.53906
-73.255 51.21 160.165 0.791992 1.42871
-73.515 53.655 152.065 0.833008 1.53906
-73.515 53.655 152.065 0.833008 1.53906
-73.74 56.94 145.15 0.791992 1.63672
-73.485 56.595 153.035 0.791992 1.53906
-73.74 53.69 145.1 0.833008 1.63672
-73.74 56.94 145.15 0.791992 1.63672
-73.515 53.655 152.065 0.833008 1.53906
-43.61 53.66 151.105 0.833008 1.53906
-43.835 56.945 144.185 0.791992 1.63672
-43.835 53.695 144.14 0.833008 1.63672
-43.58 56.6 152.07 0.791992 1.53906
-43.835 56.945 144.185 0.791992 1.63672
-43.61 53.66 151.105 0.833008 1.53906
-82.155 58.995 -117.605 0.379395 1.64453
-49.71 58.415 -39.34 0.007 0.660645
-79.615 58.41 -38.38 0.379395 0.660645
-52.25 59.005 -118.565 0.007 1.64453
-49.71 58.415 -39.34 0.007 0.660645
-82.155 58.995 -117.605 0.379395 1.64453
-52.235 55.855 -118.225 0.771973 1.64453
-79.615 55.21 -38.425 0.407471 0.664062
-49.71 55.215 -39.39 0.771973 0.664062
-82.14 55.85 -117.26 0.407471 1.64453
-79.615 55.21 -38.425 0.407471 0.664062
-52.235 55.855 -118.225 0.771973 1.64453
-82.43 56.55 -126.26 0.379395 0.998047
-52.25 59.005 -118.565 0.007 0.887207
-82.155 58.995 -117.605 0.379395 0.887207
-52.525 56.555 -127.22 0.007 0.998047
-52.25 59.005 -118.565 0.007 0.887207
-82.43 56.55 -126.26 0.379395 0.998047
-82.64 49.84 -132.93 0.379395 1.11328
-52.525 56.555 -127.22 0.007 0.998047
-82.43 56.55 -126.26 0.379395 0.998047
-52.735 49.845 -133.895 0.007 1.11328
-52.525 56.555 -127.22 0.007 0.998047
-82.64 49.84 -132.93 0.379395 1.11328
-82.715 40.61 -135.455 0.379395 1.22852
-52.735 49.845 -133.895 0.007 1.11328
-82.64 49.84 -132.93 0.379395 1.11328
-52.81 40.615 -136.42 0.007 1.22852
-52.735 49.845 -133.895 0.007 1.11328
-82.715 40.61 -135.455 0.379395 1.22852
-82.64 31.405 -133.205 0.379395 1.34473
-52.81 40.615 -136.42 0.007 1.22852
-82.715 40.61 -135.455 0.379395 1.22852
-52.735 31.41 -134.165 0.007 1.34473
-52.81 40.615 -136.42 0.007 1.22852
-82.64 31.405 -133.205 0.379395 1.34473
-82.44 24.73 -127.02 0.379395 1.45605
-52.735 31.41 -134.165 0.007 1.34473
-82.64 31.405 -133.205 0.379395 1.34473
-52.535 24.735 -127.985 0.007 1.45605
-52.735 31.41 -134.165 0.007 1.34473
-82.44 24.73 -127.02 0.379395 1.45605
-82.44 24.73 -127.02 0.379395 1.45605
-81.03 4.185 -89.15 0.379395 1.99023
-52.535 24.735 -127.985 0.007 1.45605
-52.535 24.735 -127.985 0.007 1.45605
-81.03 4.185 -89.15 0.379395 1.99023
-51.125 4.19 -90.11 0.007 1.99023
-80.82 1.8 -82.605 0.379395 1.10059
-51.125 4.19 -90.11 0.007 1.01367
-81.03 4.185 -89.15 0.379395 1.01367
-50.915 1.805 -83.57 0.007 1.10059
-51.125 4.19 -90.11 0.007 1.01367
-80.82 1.8 -82.605 0.379395 1.10059
-79.43 1.56 -39.22 0.379395 1.63867
-50.915 1.805 -83.57 0.007 1.10059
-80.82 1.8 -82.605 0.379395 1.10059
-49.525 1.565 -40.185 0.007 1.63867
-50.915 1.805 -83.57 0.007 1.10059
-79.43 1.56 -39.22 0.379395 1.63867
-45.905 54.255 79.475 0.771973 0.162109
-73.74 53.69 145.1 0.407471 -0.641602
-43.835 53.695 144.14 0.771973 -0.641602
-75.81 54.25 80.435 0.407471 0.162109
-73.74 53.69 145.1 0.407471 -0.641602
-45.905 54.255 79.475 0.771973 0.162109
-47.175 54.575 39.79 0.771973 0.655273
-75.81 54.25 80.435 0.407471 0.162109
-45.905 54.255 79.475 0.771973 0.162109
-77.08 54.57 40.75 0.407471 0.655273
-75.81 54.25 80.435 0.407471 0.162109
-47.175 54.575 39.79 0.771973 0.655273
-48.445 54.895 0.2 0.771973 1.14844
-77.08 54.57 40.75 0.407471 0.655273
-47.175 54.575 39.79 0.771973 0.655273
-78.35 54.89 1.165 0.407471 1.14844
-77.08 54.57 40.75 0.407471 0.655273
-48.445 54.895 0.2 0.771973 1.14844
-49.71 55.215 -39.39 0.771973 1.64063
-78.35 54.89 1.165 0.407471 1.14844
-48.445 54.895 0.2 0.771973 1.14844
-79.615 55.21 -38.425 0.407471 1.64063
-78.35 54.89 1.165 0.407471 1.14844
-49.71 55.215 -39.39 0.771973 1.64063
-77.08 54.57 40.75 0.792969 1.32324
-75.81 57.45 80.485 0.833008 1.81836
-75.81 54.25 80.435 0.793457 1.81738
-77.08 57.77 40.8 0.833008 1.3252
-75.81 57.45 80.485 0.833008 1.81836
-77.08 54.57 40.75 0.792969 1.32324
-78.35 54.89 1.165 0.792969 0.831055
-77.08 57.77 40.8 0.833008 1.3252
-77.08 54.57 40.75 0.792969 1.32324
-78.35 58.09 1.21 0.833008 0.833984
-77.08 57.77 40.8 0.833008 1.3252
-78.35 54.89 1.165 0.792969 0.831055
-79.615 55.21 -38.425 0.79248 0.338379
-78.35 58.09 1.21 0.833008 0.833984
-78.35 54.89 1.165 0.792969 0.831055
-79.615 58.41 -38.38 0.833008 0.341797
-78.35 58.09 1.21 0.833008 0.833984
-79.615 55.21 -38.425 0.79248 0.338379
-82.14 55.85 -117.26 0.791992 -0.641602
-79.615 58.41 -38.38 0.833008 0.341797
-79.615 55.21 -38.425 0.79248 0.338379
-82.155 58.995 -117.605 0.833008 -0.641602
-79.615 58.41 -38.38 0.833008 0.341797
-82.14 55.85 -117.26 0.791992 -0.641602
-78.165 1.34 0.37 0.379395 0.052582
-49.525 1.565 -40.185 0.007 -0.439209
-79.43 1.56 -39.22 0.379395 -0.439209
-48.26 1.345 -0.595 0.007 0.052582
-49.525 1.565 -40.185 0.007 -0.439209
-78.165 1.34 0.37 0.379395 0.052582
-76.895 1.12 39.96 0.379395 0.544434
-48.26 1.345 -0.595 0.007 0.052582
-78.165 1.34 0.37 0.379395 0.052582
-46.99 1.125 38.995 0.007 0.544434
-48.26 1.345 -0.595 0.007 0.052582
-76.895 1.12 39.96 0.379395 0.544434
-75.625 0.9 79.645 0.379395 1.03711
-46.99 1.125 38.995 0.007 0.544434
-76.895 1.12 39.96 0.379395 0.544434
-45.72 0.905 78.68 0.007 1.03711
-46.99 1.125 38.995 0.007 0.544434
-75.625 0.9 79.645 0.379395 1.03711
-74.285 0.665 121.475 0.379395 1.55664
-45.72 0.905 78.68 0.007 1.03711
-75.625 0.9 79.645 0.379395 1.03711
-44.38 0.67 120.51 0.007 1.55664
-45.72 0.905 78.68 0.007 1.03711
-74.285 0.665 121.475 0.379395 1.55664
-74.065 3.175 128.38 0.379395 1.64746
-44.38 0.67 120.51 0.007 1.55664
-74.285 0.665 121.475 0.379395 1.55664
-44.16 3.18 127.415 0.007 1.64746
-44.38 0.67 120.51 0.007 1.55664
-74.065 3.175 128.38 0.379395 1.64746
-48.26 4.49 -0.545 0.771973 0.05127
-79.43 4.705 -39.175 0.407471 -0.443115
-49.525 4.71 -40.14 0.771973 -0.443115
-78.165 4.485 0.415 0.407471 0.05127
-79.43 4.705 -39.175 0.407471 -0.443115
-48.26 4.49 -0.545 0.771973 0.05127
-46.99 4.27 39.045 0.771973 0.545898
-78.165 4.485 0.415 0.407471 0.05127
-48.26 4.49 -0.545 0.771973 0.05127
-76.895 4.265 40.005 0.407471 0.545898
-78.165 4.485 0.415 0.407471 0.05127
-46.99 4.27 39.045 0.771973 0.545898
-45.72 4.05 78.73 0.771973 1.04102
-76.895 4.265 40.005 0.407471 0.545898
-46.99 4.27 39.045 0.771973 0.545898
-75.625 4.045 79.695 0.407471 1.04102
-76.895 4.265 40.005 0.407471 0.545898
-45.72 4.05 78.73 0.771973 1.04102
-44.395 3.82 120.025 0.771973 1.55664
-75.625 4.045 79.695 0.407471 1.04102
-45.72 4.05 78.73 0.771973 1.04102
-74.3 3.815 120.985 0.407471 1.55664
-75.625 4.045 79.695 0.407471 1.04102
-44.395 3.82 120.025 0.771973 1.55664
-44.395 3.82 120.025 0.771973 1.55664
-74.115 5.93 126.91 0.407471 1.64746
-74.3 3.815 120.985 0.407471 1.55664
-44.205 5.935 125.945 0.771973 1.64746
-74.115 5.93 126.91 0.407471 1.64746
-44.395 3.82 120.025 0.771973 1.55664
-48.445 54.895 0.2 0.833008 1.14844
-49.71 58.415 -39.34 0.792969 1.6377
-49.71 55.215 -39.39 0.833008 1.64063
-48.445 58.095 0.25 0.792969 1.14551
-49.71 58.415 -39.34 0.792969 1.6377
-48.445 54.895 0.2 0.833008 1.14844
-47.175 54.575 39.79 0.833008 0.655273
-48.445 58.095 0.25 0.792969 1.14551
-48.445 54.895 0.2 0.833008 1.14844
-47.175 57.775 39.835 0.79248 0.65332
-48.445 58.095 0.25 0.792969 1.14551
-47.175 54.575 39.79 0.833008 0.655273
-45.905 54.255 79.475 0.833008 0.161987
-47.175 57.775 39.835 0.79248 0.65332
-47.175 54.575 39.79 0.833008 0.655273
-45.905 57.455 79.52 0.79248 0.160889
-47.175 57.775 39.835 0.79248 0.65332
-45.905 54.255 79.475 0.833008 0.161987
-43.835 53.695 144.14 0.833008 -0.64209
-45.905 57.455 79.52 0.79248 0.160889
-45.905 54.255 79.475 0.833008 0.161987
-43.835 56.945 144.185 0.791992 -0.641602
-45.905 57.455 79.52 0.79248 0.160889
-43.835 53.695 144.14 0.833008 -0.64209
-43.835 56.945 144.185 0.007 1.63672
-43.58 56.6 152.07 0.007 1.53906
-73.74 56.94 145.15 0.379395 1.63672
-73.74 56.94 145.15 0.379395 1.63672
-43.58 56.6 152.07 0.007 1.53906
-73.485 56.595 153.035 0.379395 1.53906
-43.58 56.6 152.07 0.007 1.53906
-43.35 51.215 159.2 0.007 1.42871
-73.485 56.595 153.035 0.379395 1.53906
-73.485 56.595 153.035 0.379395 1.53906
-43.35 51.215 159.2 0.007 1.42871
-73.255 51.21 160.165 0.379395 1.42871
-43.35 51.215 159.2 0.007 1.42871
-43.265 42.61 161.75 0.007 1.31934
-73.255 51.21 160.165 0.379395 1.42871
-73.255 51.21 160.165 0.379395 1.42871
-43.265 42.61 161.75 0.007 1.31934
-73.17 42.6 162.715 0.379395 1.31934
-43.265 42.61 161.75 0.007 1.31934
-43.35 34.03 158.995 0.007 1.20996
-73.17 42.6 162.715 0.379395 1.31934
-73.17 42.6 162.715 0.379395 1.31934
-43.35 34.03 158.995 0.007 1.20996
-73.255 34.025 159.96 0.379395 1.20996
-73.255 34.025 159.96 0.379395 1.20996
-43.35 34.03 158.995 0.007 1.20996
-74.065 3.175 128.38 0.379395 0.670898
-74.065 3.175 128.38 0.379395 0.670898
-43.35 34.03 158.995 0.007 1.20996
-44.16 3.18 127.415 0.007 0.670898
-52.235 55.855 -118.225 0.771973 0.887207
-82.38 53.84 -124.74 0.407471 0.998047
-82.14 55.85 -117.26 0.407471 0.887207
-52.475 53.845 -125.705 0.771973 0.998047
-82.38 53.84 -124.74 0.407471 0.998047
-52.235 55.855 -118.225 0.771973 0.887207
-52.475 53.845 -125.705 0.771973 0.998047
-82.555 48.225 -130.325 0.407471 1.11328
-82.38 53.84 -124.74 0.407471 0.998047
-52.65 48.23 -131.29 0.771973 1.11328
-82.555 48.225 -130.325 0.407471 1.11328
-52.475 53.845 -125.705 0.771973 0.998047
-52.65 48.23 -131.29 0.771973 1.11328
-82.62 40.595 -132.435 0.407471 1.22852
-82.555 48.225 -130.325 0.407471 1.11328
-52.715 40.6 -133.395 0.771973 1.22852
-82.62 40.595 -132.435 0.407471 1.22852
-52.65 48.23 -131.29 0.771973 1.11328
-52.715 40.6 -133.395 0.771973 1.22852
-82.555 32.94 -130.55 0.407471 1.34473
-82.62 40.595 -132.435 0.407471 1.22852
-52.65 32.945 -131.515 0.771973 1.34473
-82.555 32.94 -130.55 0.407471 1.34473
-52.715 40.6 -133.395 0.771973 1.22852
-52.65 32.945 -131.515 0.771973 1.34473
-82.38 27.315 -125.13 0.407471 1.45605
-82.555 32.94 -130.55 0.407471 1.34473
-52.475 27.32 -126.095 0.771973 1.45605
-82.38 27.315 -125.13 0.407471 1.45605
-52.65 32.945 -131.515 0.771973 1.34473
-52.475 27.32 -126.095 0.771973 1.45605
-51.085 7.13 -88.8 0.771973 1.99023
-82.38 27.315 -125.13 0.407471 1.45605
-82.38 27.315 -125.13 0.407471 1.45605
-51.085 7.13 -88.8 0.771973 1.99023
-80.99 7.125 -87.84 0.407471 1.99023
-51.085 7.13 -88.8 0.771973 1.01367
-80.8 4.945 -82.025 0.407471 1.10059
-80.99 7.125 -87.84 0.407471 1.01367
-50.895 4.95 -82.985 0.771973 1.10059
-80.8 4.945 -82.025 0.407471 1.10059
-51.085 7.13 -88.8 0.771973 1.01367
-50.895 4.95 -82.985 0.771973 1.10059
-79.43 4.705 -39.175 0.407471 1.63574
-80.8 4.945 -82.025 0.407471 1.10059
-49.525 4.71 -40.14 0.771973 1.63574
-79.43 4.705 -39.175 0.407471 1.63574
-50.895 4.95 -82.985 0.771973 1.10059
-43.835 53.695 144.14 0.771973 1.63672
-73.74 53.69 145.1 0.407471 1.63672
-43.61 53.66 151.105 0.771973 1.53906
-43.61 53.66 151.105 0.771973 1.53906
-73.74 53.69 145.1 0.407471 1.63672
-73.515 53.655 152.065 0.407471 1.53906
-43.61 53.66 151.105 0.771973 1.53906
-73.515 53.655 152.065 0.407471 1.53906
-43.43 49.43 156.74 0.771973 1.42871
-43.43 49.43 156.74 0.771973 1.42871
-73.515 53.655 152.065 0.407471 1.53906
-73.335 49.425 157.7 0.407471 1.42871
-43.43 49.43 156.74 0.771973 1.42871
-73.335 49.425 157.7 0.407471 1.42871
-43.36 42.625 158.78 0.771973 1.31934
-43.36 42.625 158.78 0.771973 1.31934
-73.335 49.425 157.7 0.407471 1.42871
-73.265 42.62 159.745 0.407471 1.31934
-43.36 42.625 158.78 0.771973 1.31934
-73.265 42.62 159.745 0.407471 1.31934
-43.43 35.79 156.49 0.771973 1.20996
-43.43 35.79 156.49 0.771973 1.20996
-73.265 42.62 159.745 0.407471 1.31934
-73.335 35.785 157.45 0.407471 1.20996
-74.115 5.93 126.91 0.407471 0.670898
-43.43 35.79 156.49 0.771973 1.20996
-73.335 35.785 157.45 0.407471 1.20996
-44.205 5.935 125.945 0.771973 0.670898
-43.43 35.79 156.49 0.771973 1.20996
-74.115 5.93 126.91 0.407471 0.670898
-49.71 58.415 -39.34 0.007 1.6377
-48.445 58.095 0.25 0.007 1.14551
-79.615 58.41 -38.38 0.379395 1.6377
-79.615 58.41 -38.38 0.379395 1.6377
-48.445 58.095 0.25 0.007 1.14551
-78.35 58.09 1.21 0.379395 1.14551
-48.445 58.095 0.25 0.007 1.14551
-47.175 57.775 39.835 0.007 0.65332
-78.35 58.09 1.21 0.379395 1.14551
-78.35 58.09 1.21 0.379395 1.14551
-47.175 57.775 39.835 0.007 0.65332
-77.08 57.77 40.8 0.379395 0.65332
-47.175 57.775 39.835 0.007 0.65332
-45.905 57.455 79.52 0.007 0.160889
-77.08 57.77 40.8 0.379395 0.65332
-77.08 57.77 40.8 0.379395 0.65332
-45.905 57.455 79.52 0.007 0.160889
-75.81 57.45 80.485 0.379395 0.160889
-75.81 57.45 80.485 0.379395 0.160889
-45.905 57.455 79.52 0.007 0.160889
-73.74 56.94 145.15 0.379395 -0.641602
-73.74 56.94 145.15 0.379395 -0.641602
-45.905 57.455 79.52 0.007 0.160889
-43.835 56.945 144.185 0.007 -0.641602
-74.065 3.175 128.38 0.791992 0.670898
-74.115 5.93 126.91 0.833008 0.670898
-73.255 34.025 159.96 0.791992 1.20996
-73.255 34.025 159.96 0.791992 1.20996
-74.115 5.93 126.91 0.833008 0.670898
-73.335 35.785 157.45 0.833008 1.20996
-73.265 42.62 159.745 0.833008 1.31934
-73.255 34.025 159.96 0.791992 1.20996
-73.335 35.785 157.45 0.833008 1.20996
-73.17 42.6 162.715 0.791992 1.31934
-73.255 34.025 159.96 0.791992 1.20996
-73.265 42.62 159.745 0.833008 1.31934
